the mean square error(MSE) between this predictedY and trainY is:  4.4824699783848

The beta vector trained is 
22.529342237388786
0.07069894592814259
0.0539385055701551
0.03409575086602877
-0.002502038911496787
0.021885511675091434
0.0804268037704803
0.038418131313626286
0.024745520054079446
0.00284312643526345
0.0270789451354764
0.09297330111294433
0.023606518078936652
0.031082437303094627
0.07093241271983777
-0.004043781488376732
0.04103072570885142
0.043129927422027904
0.0014119403588810275
5.954463258375277E-4
0.035253467051544585
0.0856672040156442
0.012650705100847225
0.07450995660285874
0.030466708775722853
-0.006856992714278619
0.030817535619038806
0.023509298901949652
-0.0031896031499645885
-0.0197639043109225
0.012160892445691416
0.033398960234728346
0.06997945411370814
0.012716257195162955
0.02324828029340347
0.05066048395853563
0.057962583877972665
0.042786301875008814
0.07854429079311415
-0.0010729343694512881
0.0676780437018703
0.07773401134388448
0.010526678997911753
-0.017916414554166458
0.006299467495163207
0.012263010753853647
0.03203383141238105
0.06709206353003286
0.028042836265411066
0.008980024973375293
0.05791516769339033
0.06164160179054256
0.004600574305229423
-0.020744397605734773
0.07036917890607801
-0.005580931433123558
0.06712405083906309
0.07690978979242456
0.034504925505417686
0.020729459634939267
0.059048935693560574
5.1379268475241E-4
0.014195392621546623
0.03768859493273247
0.0019071465565551058
0.09709830678560992
-8.029469746566977E-4
0.08857882798761721
0.04905593291048948
-0.024316537317291692
0.027260627470045817
0.045547556148611085
0.09385384460851573
0.04660904701068089
0.03436438009603013
0.07876793658130223
0.11595013950527373
0.04495708094258228
0.056648347184504164
0.021130310127229546
0.016638630248260726
-0.0035665450085639143
0.06799541981577752
0.04138868196927041
-0.021809884769323617
0.02030577537987204
0.11415859162444253
0.07408818361085803
0.05378969619659345
0.04328966821976072
0.09229937798223999
0.07470584405453805
0.06572040485739304
0.02666537319771158
0.04599597637693239
0.019083316688252517
0.07338886915773137
0.08750331154857087
0.004154922775791795
0.023151276816220107
0.06077050900257249
