24.27584945634727
26.523306795570484
23.651115521995536
24.421884923960437
20.645836159957113
22.742245551962135
22.46007030326769
25.096850700258717
22.799481721475196
20.018023041692068
21.89437656107827
23.158841558065692
24.726099526086855
23.290260246867035
23.0389508619437
21.039300804840664
22.88279415991743
26.248994619647313
23.682590367982865
22.224113590972987
20.590725126116237
23.09974883940957
25.216434322020394
21.4800267039037
20.784555944942028
20.519653899059556
22.96771050198353
24.827348862878836
25.241458427584988
23.472509356001286
24.01685899365016
22.749267562993985
21.761713184344366
22.58225719584166
23.610383787185334
20.552533849411308
23.64153911787963
22.614907631858294
23.905886950524618
23.00781900808707
20.620534651656307
23.642751593649457
24.211704426761358
23.91802000165605
24.25100544302284
23.14505284818663
23.973644184000282
21.66421021424252
24.408995090622373
19.777118486894427
22.43416722734829
23.402982190298452
23.29108219581981
20.844355701568833
20.54468591265216
21.374747154963462
22.245830197234852
25.102946808413595
23.329686456655498
21.46502862739929
24.6382471464704
22.320771350631613
22.42881943054175
19.844750177231212
24.33017723493107
19.575134821882806
24.25633231048241
21.543472838709746
21.13006320760871
21.06911025304046
21.108793385696217
23.452221308981827
20.828772076769546
21.43577047735541
23.709274502534335
20.63159319116855
21.861050605051418
24.869422091706813
22.747391973546534
22.529051484779178
23.669162725443076
23.095679276481626
19.748080059204163
24.251755147219697
23.809086564052578
21.71448736338211
21.339671002374796
22.039657682437703
18.98121072769125
20.998217916293683
22.94393595526439
21.240208964907605
22.21039435595075
23.454126349973336
19.083596132098883
22.999046286306164
22.191642467086076
23.286459916966802
21.08671833444118
21.80222269799653
20.738502535513174
24.406696309944063
18.92343357162762
24.73171596191114
20.313318563455617
17.20648413907062
19.1286205808524
23.88778838633444
20.253743197955394
25.0816113264721
23.49776163878431
23.356597719941377
21.253151904370128
20.60410678832534
21.730911241554097
23.032572762479308
22.69758892155838
23.028503077693536
22.35212850330838
24.920510329896494
23.474863649351498
19.413602332130406
21.347861900056248
21.258979581256902
21.727592252905602
27.540343514545455
21.068763773609426
22.36424322541386
25.077679726849954
21.138769056359425
21.72141198117195
20.544223265250643
20.5561133380143
22.748709534981238
23.682663935026916
22.828736614444345
22.538930413186943
20.514841578169715
21.434267098379195
22.977967782574055
22.479156097244644
21.36458808745904
21.4984308801429
19.976626351905786
21.17593172721407
21.145118201853652
22.760527427982108
21.591784904353958
23.099044955446207
22.32108191015958
25.261439752803785
22.615743175609786
21.54518464041008
21.883941636095937
22.360696063702623
24.854778508695468
21.480349939271434
23.395201941453948
24.63274684690216
22.491857826024518
27.08478782988183
24.678240153822827
21.218536092815423
21.582897950723844
20.065142011609538
24.395348685840194
20.257630555534874
21.2817656024132
22.114173209413934
22.061707354279353
21.74446009310203
19.968075676697637
24.79199006543444
21.441366250985705
22.552672271400425
23.980019168343176
21.67454764748598
25.673778066763415
22.8840513691094
22.65210216116611
21.82383707825007
22.169823715496413
22.396830207294254
21.54961142841333
19.003799593958252
20.607312081711722
21.995748108172428
22.403266343247157
24.813605493586618
23.723680433509216
21.839322082000578
24.366970365601777
22.37519001485015
25.097274221153306
22.792764682868203
21.196443089341514
22.477739126939138
24.906231186591853
22.09974612444819
23.940015567531912
24.358464581554255
25.31339552657259
21.18173408681339
21.689715431304997
25.006620183762674
23.509836705771228
23.963073513174816
24.78774390554845
22.373008294227887
20.614718871246613
20.307195986907757
24.855128655627254
22.3922683819141
22.479702274935928
20.75814567407392
22.868794887223178
23.653340919661435
24.87854926706813
23.530697461144428
24.337175084332618
21.84602930946084
22.39132816908387
22.206212352018216
21.25200868116935
21.492211712575386
21.673128070190423
21.948502134740007
20.376865318896158
21.018141046340823
22.649544885333455
21.146797290450905
22.52547937518238
24.220565210709797
23.500171224250156
21.10340701322708
21.963791450043082
21.27320689061176
22.047178919664738
24.480076691812087
21.554671806813083
24.323200512829427
22.762851468039944
20.601977031017885
21.434386134667015
25.758054736381006
23.010378488822507
21.06062232581005
21.274181143500115
21.682136389900762
20.220740846786306
22.59900327743076
24.245516998934498
21.639984072165227
19.867819508174282
22.287086441155267
25.239271474600645
22.708632037235958
22.99954363947384
21.086066632280936
22.85152265184359
20.210669758040822
22.6706378754565
23.48478141085371
23.05230075334592
22.225297071315435
20.406011400373174
21.361969209556744
20.998345905029932
23.241534575478372
21.142713348259203
22.243153850732508
21.94771946221001
24.41786042982427
18.803949104949247
22.971881142656372
22.107793662331048
21.71106217922467
21.842448516477123
21.450957224380865
21.99393316858064
24.98217095835437
23.43016075939495
22.400315968888748
24.116226434523767
21.88642031591923
23.478917059386568
23.198133473519412
22.94915606047481
23.076550890114998
26.32759182497215
22.67760836749136
22.883765897246327
26.293927391794067
21.193593539710946
25.036310493175343
21.888289413252682
21.013194141098523
23.926375451453968
24.592099058470993
23.4591709400981
22.971289405049237
21.08404588009091
20.956468710781294
19.34673739243851
23.989940008049448
21.299102135007683
22.29160693129304
27.364506589810613
21.05494520296598
18.455249234139867
19.25020785691084
21.721932789128562
24.29160791232354
21.546902767525022
22.639161005576327
22.91292616624849
26.32048198843023
24.612512008134555
21.43852002831937
16.956908603645196
26.727594775000338
26.06203499279755
24.366107209332906
23.539276959327097
21.266202549002404
21.386069601504005
21.031681983413904
24.04905505636236
21.580187329796768
20.589079113894947
22.86332208934488
19.07395131890693
23.98273798758238
20.368693676943224
24.640455813839736
25.058224317841116
26.16635373551898
23.562846580364766
24.610669540698968
22.542796549334213
23.8018174388944
24.26096844088921
20.394793756059496
23.906922035557145
23.95700181857194
20.264954122497773
23.424621789139117
20.597699758301545
22.571066447002455
22.696066953985376
23.324935726704545
23.695481109759914
24.981687238693457
23.106768503504856
20.989857498469444
22.10243708822752
24.160418545769716
23.505976018239767
19.68327244440127
23.65868469447982
24.789171346067643
22.169116504441416
18.085005210356535
23.83875769475373
23.788822490442126
23.263392255175923
24.598128637089054
22.762498493766117
19.883134988259375
21.781829635691913
20.384393348710088
26.033355663902995
21.963031581804316
20.84107999237548
21.690315749130047
21.475728602918068
19.51435680651221
20.694516516490687
21.958646009775812
23.594109873262965
19.310952102108473
24.60887910405991
25.20760303466814
23.033421896066802
22.782599855432412
19.46187544509793
24.973943212674587
24.453986332531926
22.505151686603895
21.937156715420695
25.406997916716822
20.65171134740161
23.072738348589
24.631145895115363
23.863552604421066
22.81510425907795
21.816476983119173
22.782323220634698
19.878936330325278
23.041536490575552
25.3657032806425
21.727176289526987
21.928062356392832
20.791004805850296
21.595807801122383
22.02958936539094
22.233158506992844
23.518911623441703
21.169305618071025
19.93709804531724
22.195660729286185
22.126373366611876
22.836325073852286
22.126115617183117
21.973285826386373
20.98809315995115
21.172756023107347
22.474496347183383
22.87796716513607
23.700690918374608
25.098559989773445
21.354375310461695
20.039725757594134
21.11348157610325
23.71671741429527
19.648807474744018
20.074422901824754
22.28863277537451
21.214370433836027
25.62162820820667
20.74553830172584
22.577080302042607
25.65807598370332
24.38737900803802
21.463311780900046
22.63200350800447
20.88614007898895
23.690784358782306
20.35667650332458
20.581030030882243
22.631053685310153
21.676426676499997
21.058693036802655
20.368796621743666
22.301794801586418
23.68187448448683
26.149117763975653
20.76367318404613
21.556178854255368
20.860947302426254
25.47145664472746
25.15831878397711
23.686754802688288
21.975297136209434
21.566897556107815
22.799567371147056
22.282335738270824
22.205147075458797
21.68847216203143
19.927328533493085
22.116909333665213
20.972861499672828
23.41331906766245
24.611024826828636
24.29921752754043
22.008248964957723
21.38445816373707
24.91334561438655
22.24049351886502
25.055732016102535
21.629376758895447
24.032510434021706
22.27250864121148
25.82044125113667
27.003215275098828
22.187609227023984
24.322788396919456
25.15216426166956
22.29053303887657
21.709290737315783
22.485785712656202
22.976797743687076
20.662231446193918
23.28110779414016
22.960770067392122
22.089602944172242
18.460496527871133
24.08259912165603
25.07758453240546
20.64121644157687
22.51263458006225
23.798507503968434
22.180164805778652
24.391825870963366
22.306297370942776
18.687259962418832
24.621884017523893
23.31355736260914
22.691913729929432
19.68612390295108
22.40364198758851
22.474264190633107
20.328538543872646
23.195907914566675
24.024018545083997
23.22332924241166
22.1010313561285
22.290227421417995
23.901042481508192
21.96845362396418
21.395317420280602
22.628414668558257
22.136905260073657
20.563214299009488
21.28680349616054
21.449562462023525
21.173781893052094
23.411907488963013
20.17504306022055
23.03515614233232
25.88615061971943
21.098574190731338
22.75601225119901
24.603668020756906
21.118745441915234
22.750626856597925
23.49018126860999
22.299242323696724
20.850919564808944
24.19368298103124
21.17888061566785
22.10492145026208
23.16569824756691
22.0518313853929
21.78872138537923
21.285354062354504
22.689492779318872
24.94768517552701
24.18162256726176
22.80932476765132
20.694474760881338
23.35805409224407
20.700447387757894
23.479021043470564
21.090467919768646
20.59296219338703
21.29063823114344
20.702515432808074
21.197078707362927
21.419062914853257
22.94447731034851
24.68748863340099
20.398614850979314
20.17437595402124
24.07441606179554
20.769807529364822
24.62948273388587
21.94002390031312
21.393218200770505
22.70090893662003
21.394835040067633
21.029464241933667
27.099803410760153
21.626127282062214
22.807457882271834
19.584267753786342
22.82669821845699
20.091244386914237
21.16632028413025
20.100772792085586
22.925105188608207
21.264433681236472
21.85643515043056
24.058277864147577
22.344877455918336
20.882224228647793
22.87797901566951
23.792139234736496
23.518164105932026
24.55556548965826
26.039428192592485
21.15286303441438
24.775077847564084
23.77642190559734
23.13891152428816
23.785768644800655
21.34407564165379
20.980572556465724
21.50343664471037
22.410191635628067
22.890717200122147
21.944906955776556
19.911479382952695
21.720424820837348
24.35027399919856
21.231658634159647
21.70965457975845
21.686885426387345
24.006791798308726
23.022943037031396
20.962184498376182
24.220358086266007
21.077457480935912
21.626101741915157
22.35291662199303
23.38015018114201
23.026209415137927
23.020108833795753
23.766349956011943
21.235676475984604
21.51904940897831
24.62092523104144
22.5702061385771
24.968432515665235
21.14050742083176
21.679131194142585
26.34115237356353
26.946612683662373
20.99673194284642
22.129730536223253
22.40344484961221
24.323746696610165
21.640786165854504
21.120078443604974
19.404783187437136
23.34574937265679
24.58977857872086
24.982610103981983
20.451780770894562
20.93858620142773
23.663034307224144
24.009900963792276
20.343207397395744
23.822325284413214
20.977463602752202
19.606993594805672
22.773622952766242
24.320370623950208
23.0350655722512
22.46284830728072
20.69995361673758
21.69375571965537
20.235527630242544
20.705019165562035
20.37649618902159
22.08638312778237
23.996954715453693
22.081003112055893
23.76952405488987
23.010446932265275
23.15425915426921
25.8087206144312
20.379271599779322
22.21389524480539
21.36357919893165
23.105295246033663
21.440810308308937
22.354679096479956
24.13312808692991
22.31479320558015
21.456289346421922
23.002753493569124
23.383755557521145
23.105486858798688
24.437807741636853
23.13549342722331
22.522519492507914
23.71551822472876
20.700053806045556
20.126218525509916
23.01431304535931
20.125331166186108
22.345343367418117
22.87429251067888
24.82994547554693
23.72602062709945
27.337285455353186
21.354728231465877
22.646821551209328
19.01033086829619
23.860896130552764
26.310315181173642
24.90378461937342
23.476758690059814
22.30254105934759
21.689968597072095
21.536592179894246
22.10010654794532
22.435584091755956
21.308145552595857
23.806661786782804
19.521438700268977
21.1819228364896
23.998347072637046
20.894761343655357
22.244808798472814
20.750234532877407
22.641939274855133
24.68959145113527
18.809742764641502
24.847518297349794
21.81177228593525
24.91246062264935
19.698520121361437
21.60059475145083
20.455163180637122
22.406158827210405
20.597121722711613
22.18104986543565
25.83082971851424
19.841873481305434
22.655166166245955
21.541929311224468
18.564416820053598
21.82525780808995
24.862507428084335
22.7622405445196
22.373677797838244
21.732326338532594
21.79549005695653
20.68820073775207
24.539434220343047
20.360851270518136
20.540752959324227
20.758602378768586
20.833938554079907
24.09266472254113
22.78250126977378
24.447718848961536
22.57917851175856
24.64606755457256
23.63567916638017
23.241682777143
22.591417373573158
17.89727248747415
23.08019174686883
22.387387549763215
22.51113212018683
18.69196728898743
23.516150231972684
22.794021523394665
23.76023916086545
23.50347313369901
20.936572861736295
21.209028721107234
20.940529135250166
23.69446125626178
20.60597715877313
24.039128741369378
21.362042493209543
23.70602611598956
22.26742572722453
22.53648867037711
24.57748967066661
21.599638128562514
26.05503999488182
21.91029892827237
20.170785491662276
23.958759311891686
21.29584170155105
23.966381931664557
25.68399484536697
23.323371019914916
20.782739832785232
26.497720423216236
21.98672959402506
22.23117257061653
20.130336661530972
22.43273298243593
23.313672055788697
22.690375843553316
22.408028663724302
25.81370245619846
21.741204667416984
24.53641387010458
24.338399679886876
21.02821016830775
23.362750814122215
22.887679408592934
22.41958911883127
26.218139406581543
23.59574475397897
23.711589759281445
20.112674663183554
20.602972239947672
21.556063854428867
21.990358211002864
25.286919408820687
23.081966739344104
21.562230405073727
21.063239294106566
21.817493473787174
23.151909748710825
21.54105670538914
21.814981794649523
21.32510827957645
21.561317008111036
20.592791533945555
22.738123048366944
23.50351033925819
18.544688303587524
20.520105353780377
19.861852356788543
24.956481576983915
20.28362911548917
22.820516776344107
21.20843997080441
21.427094443764023
23.36943801934266
23.969817538226334
23.66220854560152
19.67125638519656
22.66636200136495
26.298064374621806
22.749434747045214
23.68505621606727
23.235468598920896
21.50472412798701
21.45918643292603
23.231597120737593
18.731900198707194
23.893287209808392
23.55443814722942
22.946704653930638
22.687958629512032
22.093091005908292
22.568556682815583
22.524456333645556
23.360449981094245
20.689150559324485
21.468879237648455
23.325425958997776
22.505597940270466
24.141002762503163
20.960379210817717
21.89769310452254
21.632540112498955
24.429328259939773
19.61908743513797
21.82359551373151
19.356330152351106
25.174497702787182
22.328992641093876
24.051477175321203
24.071762202447317
19.99699298823788
19.893552281448684
22.19686078548815
23.127845282691425
20.34118066824939
23.059654859189404
22.240754180284885
24.983100417907373
21.96081900817558
23.001018689602557
23.955276337359752
21.5640014957959
23.90913098216824
24.402676057593172
24.14461517436661
23.30814818279852
24.025271211145313
18.57101367774844
22.156831598068337
22.836890789644382
23.552706754041136
22.826583965689043
21.965352350494555
23.444820899875765
24.249914149024274
27.038131233918346
21.00954543400323
21.548295984412686
20.97326229386215
21.607067966778715
21.138602851101798
20.704449469942425
21.398530465597663
25.22416174270068
22.648677712719326
21.84845046925457
22.240352322581646
23.20345540111046
22.86411828949689
22.995614366806024
22.402979603029593
23.359073158844193
22.64606928392171
23.57083087504158
23.18603140970279
22.770830096842882
23.704623360031192
21.7210863171578
21.544918159811587
21.63580855037923
23.14324825994417
22.192269981525655
20.337343656396254
22.74449671902543
24.991236225519565
22.224270395558904
20.63744586695265
24.028462529476272
24.40671739339135
22.44025793202553
20.283139534669385
21.34563815394686
23.141971023396824
20.43381256405002
23.19390834144511
21.112624618616973
20.938463798925383
21.08411833960547
23.8975144761615
23.44584268738336
21.503527214762602
24.549169880131952
22.260720039289666
23.032718634184178
24.040823292152396
23.011418127887378
20.282713946281213
22.551580158000444
21.540593365979493
21.35106226873403
21.674099486609922
22.79983432627467
22.569995560506037
21.770998038258355
26.241898499647487
20.470784115984777
23.621535116179224
23.317225252090935
20.891806283918758
25.589436319797993
21.956527746737876
23.174451290382745
20.25356039873004
23.2308067746339
20.20350102307308
21.074315255898934
20.922046088484908
23.404934889342766
20.967444707946555
19.579056460539206
22.442374574925974
24.34854580966576
23.066040773866234
23.155597528986313
21.785280378625984
21.93802426076325
23.03952257151797
22.219222389735837
22.592456922155773
24.15796557932156
20.54807606792037
21.059792475299805
20.8969602465655
23.498302246576134
19.983469191474995
23.24104197178114
20.858261653860954
25.16934845542093
24.549917661790285
21.241310117607895
21.697850795847234
22.931114188675004
22.9879379130074
21.904866296205057
22.93873021292386
22.41944913400575
23.335386114004027
22.01691486404961
22.27894112121951
22.34852078458958
26.42392315944666
24.964824396379758
23.157363292527545
19.164197736496092
22.87161763986898
20.31441464424284
25.993698514624032
21.253489155772066
24.33355405110984
20.929645647168286
24.169203103122168
21.137581381607667
21.57796408718686
21.318833877475942
20.994654822954878
23.915308736750127
26.1703718610943
22.92547070863897
24.52901577640126
21.227281428173757
21.579285362133348
20.71623184266062
21.54467758767173
20.64083219737653
22.468161498382575
