the mean square error(MSE) between this predictedY and trainY is:  5.016471798573262

The beta vector trained is 
0.8538507632107151
0.13442328867812053
0.4398208168108524
0.41759811934404034
0.44848641552258445
0.4150760167184124
0.5117039545868293
0.45409432775402797
0.40318285573566154
0.41883247233748816
0.43719264623023574
0.500295286969376
0.42180210741415436
0.4375610385635584
0.44931924982221627
0.38329110221857393
0.40688076554508523
0.4128926903305176
0.415355215571569
0.4606888697094739
0.4044690636441678
0.46534165266449
0.44680765409127077
0.4648918832570312
0.45518408829962187
0.35780210728953193
0.4110918179358738
0.4197068271332124
0.3832132026504873
0.3875721631294962
0.3488408248728865
0.3761173817668103
0.4828056124308616
0.41719802641630777
0.41380908078001166
0.47421113003969045
0.4886738963779234
0.4645109199793694
0.49221188505866065
0.3706390077188887
0.4758924430159178
0.4978679896828601
0.4247982877105477
0.369996220197297
0.3998084563646211
0.4262747023886418
0.44101580650586014
0.4500898799297878
0.4344707436243795
0.46745626179724514
0.43369200088340243
0.40994560443670214
0.4031140849075358
0.3326350165259541
0.4960505031885018
0.4097128939477532
0.47020552629115797
0.4724253644630226
0.4484539455978983
0.4368477118825724
0.4290013062804155
0.4133659866866186
0.40103973529895487
0.41863028302443717
0.34185115227418966
0.5016372492233726
0.4035768464086196
0.5125705099644572
0.4143595534894565
0.3624866882028135
0.47350125894979306
0.42732755482545315
0.5143123471970127
0.45866627762081286
0.38646832771813466
0.43934277783051495
0.46718097613316056
0.42691198349637005
0.46488360420767905
0.3898175458597005
0.4396367483605347
0.4029223586626336
0.4844583643851194
0.42283773797978874
0.3938048730788117
0.3761177331277768
0.5387987518805888
0.46790199659192777
0.4759091291019564
0.44901918878737235
0.45945092748035016
0.47180727146014523
0.4649751053996095
0.4392293214398475
0.4152031699386204
0.4257299536598086
0.4669037938517189
0.473265608906858
0.4193903649640593
0.41343554043962166
0.4212550369148799
