the mean square error(MSE) between this predictedY and trainY is:  4.50504359300954

The beta vector trained is 
0.8501807059977222
0.05546305855950279
0.48912919658490667
0.4497350998615675
0.3034925059994542
0.373251774389456
0.6119010443148689
0.4374877201807478
0.38694541131796883
0.26179785431944913
0.397338937486085
0.7398506155481596
0.38618217258417326
0.4372181352041949
0.5789130656421715
0.21614017183856835
0.42733453937248067
0.43386767298210654
0.2604039452132392
0.28981553253796816
0.41276363920964504
0.6578230201336631
0.3845608010635431
0.5576618266941782
0.44068145664747566
0.26850570358145937
0.3663124040612953
0.35206377730623745
0.19470946899656838
0.2177295644168014
0.33638722905023677
0.35825101543047566
0.5180899230302454
0.33162979360829264
0.41176362344650275
0.5261306098655106
0.5265448901349117
0.48577666137339487
0.6084149773375847
0.22624440142851257
0.5723061444200245
0.6360941907107653
0.3086665634814813
0.21803023008978203
0.34986450162567184
0.31329375897571343
0.34030045301817385
0.5197000727264487
0.3721687833398879
0.31414451621010003
0.581949715275714
0.471376891422239
0.32568129290243253
0.19980110225053438
0.6659445260084681
0.2621628753800044
0.5631164590614549
0.5692473262151024
0.43664834502130034
0.3526961737073895
0.5383876344815903
0.2500556292982335
0.33521144935921177
0.42670495977124145
0.3080131238298621
0.7175435417482409
0.2963888655750115
0.6922889633622374
0.48114076466164507
0.19791396133519767
0.3938878683757653
0.535640913317496
0.6697201273310932
0.4762764809223072
0.39373805588573746
0.5587942804475823
0.709603696988634
0.4192092281465331
0.5075229367452685
0.28529258176849953
0.3652923933723145
0.2869352943480756
0.5855634867757451
0.4115026678348965
0.1879212182001126
0.36426501644530856
0.7850528635861851
0.5762614039823145
0.558907488242786
0.5337746884096427
0.6256741731642546
0.62300470837051
0.5837315494793507
0.37826314073624595
0.4115997426820379
0.3835033366507785
0.5788153726187892
0.550868676551975
0.3194070911815026
0.38459538870363874
0.46009617714633044
