24.340540054028637
25.598044949801928
24.243007959505213
25.733076569878765
21.924948046777313
23.20631302117776
23.344297852753918
24.432848448828413
22.399179396009657
20.56255101139864
22.309150697096054
23.50265612044407
24.664180144950862
23.14180500132487
22.862006024174303
22.093353904286356
23.04585612887995
25.779123002335858
23.86847311477767
22.908527480835353
21.459247988818095
23.59232184576318
25.138727866793296
22.399822161665377
21.27804659045063
21.26215408249805
22.953669372217472
25.515249833880816
26.2017763160371
22.77241335873741
23.782689867119302
22.957797942323676
21.70986539046708
22.496677372382084
23.15854213213208
20.690654433814995
23.976944162082116
24.59137067447735
24.10921627151305
23.595727206866854
21.281262494080856
24.192527912110666
24.223877360307327
23.324925972639676
24.44686640805815
23.247745693950062
23.57094240346316
21.673983186275038
24.58484213541534
21.30040783751732
22.90313971102091
23.113246459668208
24.508669654550882
20.50186223548446
21.47712321614447
22.437394884223696
22.58102442009181
24.056173350876485
23.58013519519252
22.71889697748051
24.19830592011914
22.66460732906571
22.089822087419208
21.38636041793697
24.397925125162722
21.718426039428444
23.862246360400288
22.283806290086936
22.417051228542395
22.24189213194925
21.618566037742568
23.610155579455526
21.09117236825312
21.58254494482076
23.388994591947228
21.04135023602813
22.27380107980709
24.62019563566186
22.770785934038027
22.731775343285484
23.7063669166131
23.754778218077615
20.98057728786347
24.59778787098122
23.884636391968698
22.49780125015378
22.622170734040363
22.836891820877767
20.322227957071842
21.543846112754476
23.252181330419106
21.29684946840109
22.20160260766087
23.652384802493312
20.187959220335983
23.83976415067545
22.57969737227324
23.755864958679503
21.55237803376072
21.539920279982933
21.66421735150419
23.799254714477446
20.761870732970426
24.460612024961875
21.883186997184215
19.161700574849746
19.189914930042
23.896009331087598
21.879940948269677
23.985742671920292
22.979727191676055
22.44654905631884
21.62030073491645
21.702819866440706
22.0778077329211
23.837667036223433
23.57149112769631
23.759277023578814
22.792922522969015
24.603931137938456
23.12695182481366
20.915382558753695
21.587518566064418
22.267205919441214
21.20599504270404
26.28088291134087
22.348102075687322
22.107416236893666
24.33670031404127
21.338794597751335
22.577316725728195
21.290359034196303
21.621526962827623
24.056239785981173
23.701407414900984
22.569870937764136
22.275507167518274
21.869841204869957
21.48552791427887
23.58036642255806
22.558808727521342
22.19982262077759
22.28909868752728
21.21871743016359
22.39442930597838
22.847612059174615
22.86491941209044
22.694447683910152
23.638144519113496
21.92229748451543
25.44391980557581
23.436170419041872
21.843246373861355
22.041375278321997
22.482627190878606
23.695950217768058
23.02586882761438
24.447671127149768
23.87857147333509
22.254751667239276
26.0721946341415
24.852902835033905
21.063732050166305
20.30474519983241
20.142455617580616
23.433942896485693
20.61211936368374
20.76725698422364
22.475445063281406
22.19044466619677
21.701672348769105
22.002182153007066
23.608935661194327
21.638229888443995
23.11902220256926
22.935523338851695
21.958463053985707
25.646242235155565
23.761323107102594
23.078182432305628
22.172635977229355
22.648842066651458
22.15822594562637
21.515084874153725
19.724790803176152
21.708075567921792
22.158255986871165
22.179277080935446
24.37507223089379
23.62623574097467
21.94238457120661
24.697775589861568
21.911704150473096
24.57525775499476
23.17656365328417
22.366425116294064
22.717925309719348
24.575562634777814
22.36757880920521
23.730765885038934
24.414796144797997
24.367379466364614
20.883943053412786
22.072917922373314
24.67940320627233
23.11391559551386
23.215087249092345
25.044476187332112
23.496242285196264
21.159834085764622
21.3039811771703
25.12815934965905
22.871946849002004
21.902059040325458
20.922177961223554
22.372255105939935
24.05505004708745
25.060560543279568
22.912428470868512
23.936001832191614
21.876602386534117
22.405020610471045
22.292942197829635
22.046392763638828
21.718946158204123
21.517112543913484
22.304919637086048
22.060178944914576
21.242487864254134
23.216273692556577
22.605257068757624
22.41972937104459
24.162663099418115
23.469396940991583
22.252960028328836
21.676214062044803
21.804208384045086
21.957603869733532
23.806549057991223
22.399338178446122
24.668500503563667
23.168180106486723
21.15743971726546
22.713487867344227
24.472298464630832
22.215754908667048
21.045800021008976
22.051171235526372
22.97886722746615
21.425884145628967
22.427590490231097
24.00933445364071
22.543326847959587
20.988202531370558
23.2355314324502
24.8380227743825
23.88896445269904
24.472413769240426
21.143944684829812
22.666122692014664
20.721340105139497
22.567781677489705
24.30761933327526
22.191126753079473
22.37724493527516
20.929203413325645
22.084738892722953
22.26022624504301
23.979157116254296
23.01662365884152
21.345683088864366
22.43437661666071
24.525649105731834
20.899003178600868
22.87272909945882
21.703212455835374
21.859862624487178
22.235126970055745
22.021091011678873
22.441082677088264
24.839105817688772
24.26012955012471
22.82970997857079
23.848330440093843
22.385845448770723
22.822207639905898
23.28583479074662
22.947966198070386
21.69231354402384
25.393365378849563
22.560618262318126
22.824086216135612
24.631052672013478
21.92525995961954
23.94882132836639
23.44754750514621
22.377883594552195
25.107520996325825
23.369060636470085
22.036826631295554
22.51023928361242
21.077720005619977
21.94892833976509
20.2650110280572
23.851586105598187
21.08106382167505
22.778862503912972
25.497577157779244
21.449521453824847
19.535731487704936
20.329114273774508
22.756730879079047
24.409567451000367
21.085017501578257
22.14394708001541
23.414130124996635
25.91772878550263
24.29213523213973
22.69868743707288
18.861584912239852
25.091068592164415
25.427911505201944
23.62986711110593
23.26574158753224
21.81020227528949
21.01229119139291
22.336969012738205
24.11253715210648
22.829860604072643
22.058423555030476
23.350169532656956
20.375442384230436
23.295463965723272
20.372540409040507
24.92135533832159
24.511599739341392
24.623623795924974
23.895419007988192
25.11526022156873
22.053649478505346
24.09603341358522
24.040727401340597
20.763560138775265
23.479698137155907
22.96766391573775
21.45786104746264
23.407621355814094
20.926909702134907
22.523014534532358
22.327978046471554
22.528374034873735
22.683314778541703
24.572000185068788
22.98425921624284
20.928152636880426
22.405389880693534
23.474795910675805
23.060017392385493
20.330251601302333
23.88726612125044
24.256232964147188
21.410800973678302
18.267633164098488
24.270307281457672
23.44203302371861
23.216307705572223
24.58869798219522
23.193790504018583
21.236275968688712
22.865222631965125
21.33362211639785
25.781679662887285
23.263096293914497
22.093221013017356
22.555316898594413
21.897291234405408
21.250182770031284
21.740839765040835
22.4157663583866
24.040105439896156
20.32055974055197
24.83681492129071
24.399054691752614
22.90225585068728
23.381817937546774
20.843563069289768
24.20860213353577
24.07367919543899
22.870957765955474
22.730384754996795
23.370537167578124
21.160804302086124
24.40445345782509
24.430467396669496
24.220509186452624
22.92884060698373
22.51801137939862
22.07160328056258
20.58940569537836
23.13720615864683
24.924016589879812
21.93831134954141
22.812784093903577
21.62926005089813
21.473737965046876
22.52331072063297
22.68293484467997
23.315004134331538
21.528849300684954
21.056784757736487
22.007354531425364
22.913900367701032
22.106240714383265
23.03637803198405
22.311460815814772
21.755637433620677
21.99655509395578
23.174639023312757
23.0743931437674
23.811641130049317
24.962007189444012
21.88073710338109
21.733329269908467
20.9570089969486
23.631605076838927
21.715254599957046
21.13759637374415
22.648875797873053
23.03743054926795
25.310474401727888
21.395228682755615
22.885837185661057
23.563813769796866
24.20996461328329
21.858741824133137
22.807613176917286
21.989507091594295
23.663342603549726
20.91064428219061
20.850792682260504
23.010949578309294
21.318297270816398
21.353106284504943
21.169559988313633
23.301764016324565
22.74649771153511
25.064811996998568
21.359721903034337
21.097185945233534
22.34030697854444
24.985051850972233
24.838890009672088
23.82268944783702
22.756472868390816
21.020167861137597
22.744942438205182
21.80998649164767
23.153866292844747
21.43822928960111
21.39175281088654
22.50730394528083
21.78089287819413
23.462223813323895
24.737939061513607
23.657712045697238
23.881544688161096
21.82608166354696
24.745648465618512
22.768556790388317
23.562268605502062
22.647461388876046
24.851579633338787
22.528817219783285
24.553099066036385
26.03426840237664
22.08380041016142
24.156949175275834
24.68711601027713
22.66608028415922
22.200628238404033
22.48905913970375
23.494309189984694
22.370618598790475
24.023641563821737
23.152892366954937
21.535602523730773
20.157692944060585
23.839097337455517
23.6991616038657
20.948683257059546
22.847333489661732
23.497097803600468
23.209343541858342
23.91516278051866
22.114972253152747
20.52927299026756
24.105997426886145
22.418935361956006
23.686252283077803
20.24347514935333
22.73743966609404
22.32681591456767
21.078647014839984
23.27381274136154
23.68411030543114
23.92626753526026
22.67529831489308
23.11102185953847
23.072770707861704
21.400801106340275
20.85737243423781
23.356591815800858
22.721385307472616
20.4398905517919
22.053604061598076
21.676194809792676
21.747844003172187
22.91896440544311
21.404085962305984
23.428067424119185
25.234010871653755
22.20880219079078
23.85099037372398
23.04715454869985
21.082622319250458
22.558938473386903
23.793596728494975
23.048695378034544
21.827685494375494
24.121899094360955
22.05587487379616
23.07836638514835
23.67544250852202
21.935198226005575
22.720642499412566
21.213740495382886
23.020152124628787
24.10489241857051
23.254533659890622
22.964503589805894
21.947573662378943
23.000681811906922
21.42678803599685
23.134449296742666
22.207442108471277
20.882783643897046
22.49483202380956
22.08662416718626
21.933476361336186
21.98010939150495
22.814520520202233
24.31991520337848
21.67122732725134
20.8013985636008
24.78866361822448
21.085350665026592
25.057659560980344
22.13194726988831
21.561490253014373
23.987968348197423
20.926511801401162
22.51774804850097
26.459876832000074
21.443192144773988
22.70583349661332
20.813586888737053
22.25492280057407
20.16875997903733
21.402507265819917
21.04063863974275
23.169205721771984
22.32670673472492
22.20911413279153
23.354588803563736
21.698467781195895
21.69520102233271
23.49369029891584
22.956129591981355
23.737048737753828
24.049302598614837
26.47587154100698
21.75052886407668
25.14288292951744
23.624211886873248
23.258604908189515
23.756041236154804
22.037212776519812
22.11888125284329
21.389221206778615
22.263601650164233
22.844935106242005
22.226978036571452
21.908256404638863
23.063982229395755
24.318926326198667
20.780557310775418
23.216671335243312
21.619963845125188
25.002344138379478
23.324232531383867
21.68689462222907
24.858638504313937
21.584477339483044
21.1602831741505
22.457622329381284
23.137115850120285
23.30078767044041
21.85895246668476
23.30470257897223
21.508460991254577
23.13513237746921
24.356197410059732
22.315548606134538
24.725087467135683
22.23491026292015
23.044206212239896
25.6865115784557
25.50726458746854
22.070972655753803
22.707724944437107
22.81044709995718
24.21345302974898
21.983290582579258
21.968407762845366
21.06303344381737
23.786739445378924
23.94213404927471
25.891898796822094
21.770342807717423
21.35763940566569
24.26528543486518
23.66928656893499
20.74237443156772
23.64987640750758
21.477304216818517
21.918973804040757
23.576282579733633
24.22088435864384
23.40965079471104
23.362623281278577
20.806607273610634
22.89180069752668
21.62605461211358
21.733205395714638
21.945527317558028
22.22365667651262
25.28251762850183
21.981166206685018
23.618630810396436
24.370806418433354
23.7415100063754
24.819812052402817
21.819514413038206
21.203599908814603
21.4690564351336
23.282703397596123
22.23074973573498
23.187788023845943
23.79035311568534
22.420236576821775
22.56293396093182
23.579249129887405
22.737447985640138
23.0326965324823
23.874911356702793
23.370798662314417
23.691587131136803
24.108905908056727
21.849831071147626
22.401472807058905
22.772791910999537
21.537899192368336
23.20974120898647
22.72069785196723
24.522597367585032
23.732363512005794
26.220268424518313
22.07642654311674
22.51829549686512
20.79514196819625
24.0431583595349
25.577629334109993
24.305730800454707
23.036517061851356
22.403066896790676
21.21425418835194
21.790686703444493
23.113041665829567
22.561769461712483
21.84032689875485
23.156779919175865
21.393062513757364
20.570802913648734
23.651361475550697
20.466734048163055
22.144341417142705
20.306624579826906
23.223343323213037
25.08387080584407
20.266562054080026
24.411429198046672
22.42551532959568
24.42750053717492
21.209160543531517
21.45962389927602
20.90114977773953
21.885545766214307
21.46655129572758
22.097206746951
25.819405026960524
21.199507872911266
22.990080571879137
22.73584851875107
20.660597079752264
22.59933811592763
24.811674614188014
22.803914590451754
22.755924007313084
23.444222459636954
22.587677645175873
21.893150990013556
23.943795234316802
20.863382546839244
19.89815676998473
21.179667518146676
22.404519599487582
23.632141610969335
22.509536802923076
24.48398813125875
23.498819329229025
24.541788299840622
23.099556896596816
23.122865948241685
21.861025051371275
19.830424495945262
23.48077972303298
21.4504371088154
22.920448229766073
19.808986568263546
22.61359020378835
22.715686687709617
24.413185363164228
23.7264416731319
21.336657757099147
21.296203463956576
21.116199990045697
24.971252439731206
21.44753122676029
24.04691855242922
22.320476308060773
23.69550867578171
21.692479196053533
23.10601814304746
23.928432940472675
21.74188240795206
26.110232758318343
21.5716193957786
21.35143507069993
23.64007352333689
22.674510181582896
23.39704205634384
25.08059621629805
22.852582954290195
21.095424833512794
25.223779402191155
22.07912604410314
22.542223782519443
21.685526439064702
23.40972595142244
24.092867152700162
23.286111405613674
22.71230082874474
24.384799470449508
23.07262790838153
24.054065382797155
24.160711323324815
21.53082881860755
23.2801189126646
24.115557058586315
23.306534874915542
25.466601863700927
24.60402218990254
23.97585627358861
21.290782193600577
21.10246940406173
21.105529226054497
23.408684670897504
24.855699383906114
22.842724535127775
22.004739336669367
21.35458070342663
22.563915877796337
22.799388950328893
21.854275300352793
22.499141747255027
20.991299440919573
22.29078046563542
20.67614826970642
22.085441472555498
23.80953618120186
19.841552611830863
21.196040879838566
20.553095449258034
24.18481210521009
20.741374343265228
23.371373118710896
21.1200798811056
21.846658789045062
23.654349549129357
23.654805951944624
24.16284532674369
20.362679163281125
23.133238035602925
26.085177187491336
23.274864787356776
24.209162699646388
23.187749748347333
21.86822457328421
22.19397678615488
22.918296307375382
20.455378545537872
24.592213350281355
23.340691927655726
24.02451780052108
22.298224583841243
22.470203182735673
22.81685760229019
23.495340955909846
22.968329033043815
21.08381450691425
22.918088979857824
22.8879406616705
23.042428131007227
23.910800890423467
20.841561142882888
21.920226806179883
22.112169061910073
25.613276622985552
20.323398460371916
23.023035409179005
20.506356168664116
25.129794217733256
22.17905221303715
22.681781358582366
23.462659397230404
20.672826751623955
20.235678074271554
20.938189481104928
22.956125998985904
22.095758121338598
23.24527291453149
23.115033583358013
24.23858490067452
22.767094261256716
22.221585553324278
23.78263730484713
21.77339473692769
24.225802705662247
23.747760741482264
22.581276634039522
23.682211821019635
23.71168339888737
19.878174687500447
22.736473263809007
22.43264540722978
23.471374879118297
23.48720988352321
22.01924854222148
23.51970442151544
24.405045383429847
25.979945920963505
20.665368350308505
22.92559313715503
20.756811871551715
21.944001425377117
20.91281328150652
21.44654756724411
21.61508629752995
24.058805426598685
23.74083178570721
22.140856853971034
22.275331802413533
23.877600412019653
23.115640761724634
23.201552543842077
23.72461376307912
22.62285361230214
22.403706750103847
23.66508520028106
23.220105517779096
23.09091133684841
24.119702958864877
22.215730585542886
22.35072122584301
21.79354647719717
22.792032996717317
22.818527595004305
21.443603913109843
23.31414459978761
24.27177464214642
23.440749699576227
21.174025283742875
23.044436676642224
25.15110145954863
23.596286383411826
20.0700281452382
21.065430527413444
23.194453988644238
21.662486968614626
22.499493376923184
21.23798396175654
21.580957712138012
21.575946264953313
23.04616417747812
22.63760824812167
21.60855641021335
25.702349103373336
21.606921548401232
23.15161939392081
23.59746409425961
23.154679460489074
21.490357535900657
23.14966592628914
21.44443113739698
22.024939191617232
22.22360831799767
23.024111980823097
23.5662866845297
22.04598436638322
25.142714393696114
19.98297844251272
23.669064241929306
23.732135848878222
21.954719455536786
24.741710523178984
22.22622218480979
23.206855356569665
21.188841101739044
23.228461622329224
19.849258263238895
22.26127467234894
21.74961813719864
23.872949332078445
21.58594664037216
21.048995927492467
22.237250148896823
24.80568551857727
22.85693079080447
24.011113834254278
20.713090271114307
22.718495667220203
23.3795087589833
21.717389194959825
22.356825469431783
24.42011428172231
21.89063795568271
21.578220850972237
21.5688746116802
22.492312177728664
21.47552368184224
22.919905289494924
21.95004095494095
24.5412721237142
24.246416988819618
22.26713300470903
21.73393430827961
22.851237267733094
24.909181330016683
22.574840553018777
23.620273132967867
22.84580045078295
22.613542321742365
21.170215428985966
22.953222961319874
22.69040911723281
24.93775856622783
23.49603363381909
22.95590489381423
20.254102588788566
24.12114818735388
21.36663676324889
24.576731668940273
21.87145830127451
23.78789142322992
21.153132550727992
23.361602846735956
22.402362489910526
22.932583794123765
23.1502255143255
21.60947145864991
22.691904611166887
25.750512467768406
23.1602688856352
23.472282873282797
21.129298706398075
22.363900428983587
21.589651182302614
21.538235763314262
20.533975473704206
22.65943556367253
