the mean square error(MSE) between this predictedY and trainY is:  215.76079611017403

The beta vector trained is 
14.559532780304755
-0.09496020803319416
-0.5525721648957468
-0.12999316472722589
-0.5358474354429122
-0.45514823674262295
0.29405339873930103
-0.4273479959076056
-0.4009420515957637
-0.7933692502302163
-0.18630908877041688
0.5111815020115521
0.18260298748257708
0.4290323244070209
0.12542519065229835
0.11355958183624036
0.21992821203990737
-0.20398437374103429
0.07117349696363356
-0.5149558816254076
0.21584954364931686
0.46940032751838456
-0.10762204896313521
0.6835813655690695
-0.22365601728631335
0.393136130687051
-0.20824840267967398
-0.5786751756800758
0.3040861437582639
0.5078985272617003
0.7098756669238133
0.1812815625087268
0.2818235141238961
-0.21674569664303048
0.3567993828355188
0.6880131025002859
0.43661482116049294
-0.24433268379109926
0.24107265215984597
-0.21454688735111965
-0.09184186215907145
0.4588404841327792
0.2713871482989573
-0.22665216720818707
0.6256645358630114
-0.0623573437002379
-0.1552999240643084
-0.721849794576877
0.20384076164547718
-0.19621320941697457
0.34511603442674504
0.6077654800019167
0.7807719143779459
-0.04828357363136714
0.3776876074397453
0.12028818394551764
-0.01782971314030449
0.18121094193097415
0.4235143306694915
-0.4849981222556316
-0.07548415951758289
-0.09195534673679567
0.07263093857608742
-0.23924702045532079
-0.5068601652567064
0.4661560095875984
0.016442263824147985
0.11978620692554298
-0.027194579227539806
0.34801235962282434
0.1913109145855727
-0.2737361628401424
0.3351523471253124
-0.3089912162753973
-0.30986621677942533
0.16563669968239864
0.4515069221640389
0.5247234634638916
0.25155557903795794
0.17301610221995567
0.5243629673370558
-0.3421916721030564
-0.12620953679955899
-0.2581428210046877
0.22737246952972415
-0.7922892496677328
0.6116784839588606
-0.1972132036806651
-0.05688534373305629
-0.12949806367255848
0.10644552260945923
0.07898751490969133
0.08020600999565322
-0.09060472674971148
-0.12615572218650087
-0.11978113828788813
0.14501527676130557
-0.23997577296494926
-0.14392645396310835
0.0029437414795720554
0.5714841100759153
