the mean square error(MSE) between this predictedY and trainY is:  4.3960978608184496

The beta vector trained is 
22.733645022755944
0.4450549716216051
0.05319950018804194
0.034321986943486905
-0.0014370920380267702
0.026222451523328215
0.0828279500541397
0.04067226739652807
0.02217682097336596
0.003723003635910107
0.027202335322511664
0.09403839509688071
0.02382398227189373
0.0353618131207864
0.07005331953122311
-0.004980279256596998
0.039601266048512766
0.039471551102734245
4.049843668978031E-4
0.0017006116439168553
0.03316379749195777
0.08298849690037942
0.012715450567166943
0.07209305081731611
0.035076698217386716
-0.005776064304403285
0.028314879462822257
0.023494081426313183
-0.003460519026324758
-0.0197153033479784
0.01273223138326259
0.030814410770741023
0.06599595548595258
0.0137773781830641
0.02270421286440557
0.052482396827253586
0.06177253312574853
0.04696439694274795
0.07698825329119006
-0.003620761799752458
0.06578946728962379
0.0790909979655203
0.010180864684690085
-0.016742264234855093
0.007944651397740749
0.009450725856797047
0.029367673549940992
0.06557343316277837
0.03251673670984151
0.009758562235259902
0.05765310426689882
0.058411441957023504
0.004681056564316952
-0.020601403764997604
0.07072796617994818
-0.0011153787845821217
0.06653086397098164
0.07684004068053009
0.033573338924158154
0.0203850009781717
0.05727130618709282
-7.929222070777559E-4
0.014667433975598576
0.03695652915494297
0.0021951379768650817
0.09818021237451614
0.0034174615297235373
0.08639866159777006
0.04671159145847087
-0.024992273186119136
0.02644589152816464
0.04497505739799385
0.09529294801264654
0.045396037095926725
0.034135724103318395
0.07569266775301818
0.11266828913705064
0.04471092365206982
0.05351655028192554
0.018520225924937843
0.017090382415032315
-4.894546938588428E-4
0.06884985918793135
0.03916265879824599
-0.021658634761205414
0.0166316698721507
0.11810236752859161
0.07204689043274407
0.05402475310032101
0.046004633474562615
0.09323825237010451
0.07588813725782705
0.06613133848947174
0.02429555650814126
0.04619445280046727
0.018845678037068554
0.07217022548191464
0.08421917912134225
0.006641581012217442
0.025936520227718897
0.058543469452619866
