19.422054854386733
27.125387535555504
-0.4250442214664405
31.36358184856734
-1.466966290746187
0.4571006084050522
16.17005877343453
13.96188973725643
24.26135943806695
17.316809584878715
8.404051649910961
30.7635836774917
14.509074205486588
3.944170038623223
14.633623603067157
10.005473337256928
9.73432321918329
39.9972297972149
26.661810402398814
-2.5192993905546146
-0.5978585909843277
13.376617776732594
8.90819424863039
1.0757622543189704
25.63536880557742
34.65221586156175
24.26044818606674
-0.02089044221062686
25.089078666980786
3.3792306316242953
-1.2052633383109659
43.35595491806093
21.816017605558564
3.5569059720851572
41.38160402245897
7.458550220694372
21.608882076662056
-4.296988852406913
16.93325946341485
27.4275951607738
22.84540515824666
4.667895640376622
6.3761539257749345
37.130407112276195
26.89896582565582
-8.00491877966864
15.267147188290053
25.812758412665694
21.315351027002695
0.9896545971512563
35.775629672264124
6.162817085175348
-16.19414806800119
-24.227449324203167
-13.883817551897446
3.938481125974373
-1.539882842637324
25.23068492110923
6.985489877328822
12.726892494561664
11.460095207811875
11.494382851430936
27.42133674146951
-3.8534790058886754
-2.675687248472822
13.914370852321408
31.060512992852296
11.010264406287996
14.5671537022057
-0.8115582270087129
23.9543457113925
5.700727874082173
7.407173301918687
11.017991615736378
17.63749855636034
46.941803130293536
18.63655764844398
22.699208070878107
28.832342998884652
10.227647330594666
10.501028436162208
3.5643324016625835
-2.278241381015455
34.45856408336214
-4.206326736205708
16.75153823616936
3.91785353519074
1.7208313962069408
0.6811235043062547
1.3822389322568664
2.4487705181069286
14.042054658710892
33.709557829660895
13.13474024155072
17.151314957094655
9.646648983310667
4.850620936380217
7.359687084405278
12.656301431499218
25.786871182745948
16.492454120702938
14.636032695317455
7.1222025151247825
10.109006361636455
-2.5085159597368327
12.135545230568576
-4.686390572223258
33.004913981595934
-5.9950829607572
11.170536241200839
9.062825148761247
23.90254050096709
15.255013467859419
16.062296990909328
38.36107735218552
30.76828137663458
11.465670471878452
26.486372822620538
15.015482895100243
26.303287464113087
7.125597146702032
10.596387590564426
-0.20674160781766512
11.631260978017943
24.925065610199322
14.818346238686082
39.45956988462251
27.916105228098992
7.349009246041506
20.241313994162837
18.927142639527467
10.33363296955309
2.022632109989126
-2.5540611384417766
-1.5030544212560977
9.724394272876397
5.032731281445868
-3.895788282596851
10.151585142514973
18.696258793372852
15.156363132596702
6.731161888070792
5.488201182319187
13.23708583918444
33.65321956376586
21.567354397984168
19.246310269249552
-4.027344945914831
35.86927587513916
11.326141785489527
17.0161553019884
29.033016147724226
11.012642685250777
4.42814673495697
25.8642523772255
6.0008439687934505
-17.67092719434508
17.197426253841765
26.25486725675758
8.574533807679934
24.42069429445612
11.872167615811394
-4.394430521351485
12.536803825057806
16.971983533082348
22.026528519257877
16.107934848930412
7.661608644268606
14.949751725636284
20.894426732622
13.47824131474452
12.96245660349742
42.04906062741444
-8.69397434985754
14.23486130815857
20.155996953220807
-11.83910757872411
31.91012132190015
6.617592424875649
7.769441053766815
32.82734976710337
31.010716923457267
27.837102997880557
23.683364624264378
-1.9131689615842795
16.18553097371001
6.9045034920881445
0.6741478515502872
30.985489743603917
33.97883077306401
21.37828183564284
20.147419042593974
17.298049415640964
8.359009862699327
3.5028427807337055
1.5454348449603121
11.739207979505343
4.480181637253508
23.287279903583478
-0.07593808150304016
20.114696474613023
36.16544893653186
6.677623668942308
17.6148857691548
30.33516944980437
17.482391586421063
13.2025419047511
11.835085774802671
33.06944659323203
23.811382896057456
26.37315792845974
5.294771629208723
17.486965183197512
33.97236528354427
1.2424470875153204
27.534671176042853
12.869972960420888
22.237335448486622
24.149115633626383
24.017458676020848
24.718410830918014
6.339893932732212
28.344214863273276
6.67330992422902
7.464261703673079
39.353060452849455
4.767338655410263
0.19157993678562257
29.62953418923312
5.890770581068315
17.507932364238336
20.297840302902287
15.183483787443325
53.18101590576206
-1.5167039454028992
-3.711867114854278
24.64559722219217
10.95692765192426
-9.336564849872502
11.395028377769362
7.045654317302548
2.0269488418203494
7.482879008526412
7.186931327739316
17.232562386985904
32.79256018997819
22.36468306774311
9.177915619919887
3.509748230393071
23.945716017895226
15.652765684261503
-5.633998424844993
2.4632921692739393
7.402848749123912
-5.912236252130129
31.677079620678956
2.613730772389241
2.1188485934824683
12.171074350960547
8.534466577863883
22.890764724533355
23.744734309272403
20.43298017764025
23.22267345763578
12.76723913077823
6.404461895258617
7.482285790572088
19.562234898809386
4.365425266538829
19.614684232593905
32.372126421378006
39.02207958164878
28.06325942587767
-4.655487326438681
4.42680878948403
8.474808469883378
12.326615872199763
29.774204806333493
18.29612243075974
30.194838347945403
31.3206299748252
17.625649898475924
8.636254622420093
8.951017562124964
24.822596690133423
-4.271587999293473
17.927749073753617
11.908267073062941
23.080932658283
16.87522378805338
13.458374753910974
35.67734006443909
9.886696725718851
15.35697688608141
23.28304723398791
1.0011947130022196
25.167302840693733
17.98833590207064
16.974314963035475
13.20450394813393
5.292620936588252
11.741978580472328
22.58984911358505
5.521698752635339
11.052578928338557
13.877424782626743
-3.556832050482084
28.25359158859217
29.03096528928648
6.8018362684850455
-7.67799166036038
20.670998603458056
14.409037960859404
14.8815858766818
17.914005762938686
14.59917425151749
26.506389548756744
20.598505243556684
10.728070068819902
22.07089291330126
28.919969382472647
13.887086792607164
32.1059056895255
3.4713118437908608
5.767620959470463
17.78885099717245
0.821741796169628
15.563853818143203
20.668613728985466
3.289008585603532
14.267521784553365
14.460153520234059
19.43629745641653
9.87212904466836
30.948370159117093
17.675542195615723
24.542588129165093
15.671049370896709
42.47418104741332
11.380802580044278
9.116923011723877
20.83084724471351
21.13103227095058
36.43596068724739
14.869747975204586
-0.7867753775255817
27.913022149287844
0.26715753517268626
35.531649321935646
42.49864310609655
-12.301899685334353
7.634899497316924
15.469456261104252
-5.359574022064931
5.787684312291657
26.13207195325232
20.24103054401202
14.768801832396077
16.610179501062824
18.83173086514234
37.06246316047468
-0.5067122553925939
-1.345612329559003
40.54775338418368
23.351698087851815
27.457163936309094
9.982769111430217
8.05418905006383
16.763981346244663
12.976303464151629
11.775499122159257
30.476334429604517
-20.919687082026037
19.061029452743824
21.348129745880065
-4.5256637390603345
18.911479853457966
24.144223066057304
18.557583788081445
16.94318162853977
21.177138232174784
-8.702319175787263
37.23474194011505
-15.738741433973107
5.311442799609477
22.8229755919464
20.24373086784589
17.81293572098742
29.132858857331996
-3.5540506132130925
16.241200513704214
30.542205321418706
3.4544235370147462
25.114508678745043
11.803182007509058
19.18235272542658
14.158919483658957
10.503014855770742
9.123953234878908
0.02949078851907916
36.876079225256525
24.409305988995023
7.584032114456125
14.863249278288958
9.309357108417558
15.157969754048564
-3.7769420581029407
18.31694051590292
-10.67627654410735
-2.0978847439559885
11.703355234956174
10.522920097667306
12.112339298292092
10.669217742984907
12.255293461298905
5.555314130730686
14.510982683419698
5.338908865457099
16.984413433133113
-4.855641021956806
0.8495937268739877
-0.8333456425944763
-5.600764383790779
12.198540862990908
5.495170859553476
19.17106322442872
25.547970244695726
31.506870659391314
24.50466494013085
13.351515410214024
29.830187904627447
15.939402935766195
22.71576841181101
7.03150896786703
27.796717943035212
24.405584600483273
10.02174955265799
9.320646668124905
-5.240603452807356
22.40522672528005
5.252096921439592
15.877404556633202
-0.16918574946520382
9.08430151150467
19.204181528094292
32.29420881695443
12.157465753433305
-7.462146252268044
9.741139821828085
13.235435869979808
40.777674102007595
45.14962250266455
19.17047810812427
12.233058079903923
20.594722229694344
-11.898820436340332
16.808180121951516
-5.091950825288518
16.588803483898417
7.670257290546338
28.047763227332414
8.991725893051383
6.4101709000095966
24.551987829056106
0.7555828622100176
22.11050826660397
35.12979506337737
31.279250714294246
7.179817019277725
19.714826460111027
12.049118073909911
20.667771574661973
18.522243663819175
16.200056767774008
15.579240565469068
34.84488120763328
-2.698407186245033
4.499778013562637
11.902626592382823
21.08410899964356
8.546201994249415
29.03338598310047
1.833299811863497
19.345436915245816
22.683926568831705
8.617909503834037
0.8763961696610818
13.448870952987802
18.790079898055147
-10.132694617181743
-0.4834741955041406
17.439968047461974
35.746061666076216
25.125609043741715
25.82478572593944
12.855525041081481
19.199498496526772
10.12168873102848
21.19778957059813
6.994403221167987
13.786762323494779
22.15777424367046
-2.716609503079449
31.544617011413465
5.757617211190588
15.40626276828046
6.946900817574431
16.910712802015237
26.305977985158002
24.23551816884588
20.720443743076203
13.258055972718893
7.843320469460506
0.21621260930263042
14.141713470622786
30.798430465837274
8.935924239478462
7.273510291774456
29.48165687995737
15.100044782189505
21.37594222486184
9.690062185549378
1.8237953499185293
11.54550714347462
10.176065316278233
13.916903746565415
22.250628435055226
24.51284065283748
0.27235296635024486
27.26810485987482
23.96572134390549
14.872608740372911
38.72070178002323
24.577213245353224
13.659208188509119
30.137849078865102
19.50601255619658
13.886250966880121
24.517284992824724
25.526166705571224
0.08426160759639689
2.3947422774828104
31.638223208257283
0.7785096027999943
23.525607289642654
16.532587228337047
12.773146948878557
18.722594689531054
10.55802404493551
3.533133983509654
10.36789626815262
7.732653446864618
10.203633241662423
31.483234205419063
2.2515340310807037
22.36837086470004
24.601540591492643
16.546175525313675
31.288056567754513
-11.215377571107028
7.733800627835581
-11.340921212723952
25.942534563713863
31.774041805626105
44.857430686820884
-1.2608740884203145
25.15736864107022
14.495884364523103
18.35269825287639
3.8470434711908315
7.476636204132079
0.6309866486080176
28.766919823874172
4.151067118690565
16.459444598176507
-9.68294760935673
5.288647158772498
18.96018791651186
18.00566709445064
23.485574806155288
7.215385026960383
28.723049172971677
16.713760427444797
13.767681851403465
13.44508935434752
5.61632796518765
17.093608337652935
19.641086327174506
26.421851478467968
21.28050416926358
17.270503579982023
3.9877427744556257
-4.103181112287502
14.79835318165858
6.452521021211661
5.50952800858197
24.05718763005875
27.868967838901035
16.599804420641277
22.161603741168765
26.948446630963634
6.293820538349387
10.954861434227078
5.666830683432115
5.8812694923327715
3.3479791974804365
25.08441568657513
2.12694750775657
6.940816588625585
-2.708627483689187
26.096571327626
-0.9437965942664819
-9.78117763131562
6.664362207774506
0.18369450109798002
14.886966739088528
17.53609658828597
7.9377716201398485
26.872517075477642
3.437015616183253
8.615807117826408
4.61687401904308
12.566648437429002
25.284982562842806
31.6519649204728
-4.7463484156223075
15.751224132952085
14.120709019302787
17.90789452035323
11.4611889072621
2.567481544477048
22.917489752386373
25.666105690735233
23.960698083618265
-12.076023799039838
20.375146613996854
23.1748166993488
27.681604996040633
34.98033495836673
34.72669764107338
4.352614386439678
-3.206236025734163
21.215689019028677
3.5965583530391885
16.144170412302795
1.1533723599237382
16.744245602108393
40.18525359785401
-2.3349625983166167
8.309609955349337
13.805568029140746
8.51962274314208
37.040702727285755
-1.7209340904377464
11.675942634583306
20.14805917483914
11.094162868185663
12.504681861706459
28.917781303984036
12.906638159595369
1.032789719868644
32.06318827103439
5.449945773522387
15.713123033990902
25.176172914977972
21.65211607050571
1.729570470520143
1.6990786999064516
15.063968460053502
6.627816711941691
26.506154289509595
-5.329933943124908
-2.0313879844259404
-4.784891400210883
1.7682786420864558
-5.224285694411717
31.079505456340904
17.406015413807925
26.313542162184984
-9.286022841707187
17.66055449271211
24.679551781427662
19.450599981658705
11.171426391665152
27.0610338550053
19.18406652171096
1.5466044715524037
22.45186154075429
13.654032601095588
-1.4530552659961682
21.629145752293535
-2.390091695961843
23.33845763609533
14.748522517189462
9.594088921185792
6.517564049445278
7.9980575340026085
27.47327356947897
15.804242258839286
-8.275656702502681
31.52508990495516
3.7757783454093494
15.359753833796608
28.349818458435237
4.931838770663248
-3.0278604598689998
29.024594941201208
16.05865932833142
23.69200772629755
15.051200981711709
23.800586791958246
24.304885834538155
5.732839447673761
4.351710232182557
35.01877139624933
11.552259724936693
2.109646452799047
23.883167896931845
-6.66957151107056
-6.447885505554859
11.444872273216593
35.53206777550521
17.158064695566182
21.233968874467617
-5.017985209043634
-5.573553285832483
-0.4637221017144233
12.0016707376153
38.79753210837597
12.334209670114507
10.20611598229057
12.980288214320717
23.630923401453554
23.530924348674326
19.0212603681073
4.495405504035092
13.568485771025143
11.23649422247422
14.529443031174416
24.43433566934298
24.679752617289697
-8.873264750627474
3.1688851812321635
32.99543423542679
7.105521169471218
22.350979034307052
24.509441352911658
10.15739195035366
-0.7522403618355897
0.7070052988093618
29.42039770524873
20.041669150584234
44.00914616164094
15.963627791212105
19.181411418907675
1.8333522268546125
-1.2411586085321664
21.10874738148119
17.807945100576386
36.92532892933657
23.10638075323998
20.4624141599441
24.156661994953996
11.614105377476028
-0.9689808934666002
-17.329113137553623
42.25797177935614
10.887209209256545
8.74250039797307
22.281193325186493
11.463603656033946
32.92486866497045
24.665265943433802
13.41126910669709
9.396406026099308
16.41121471452708
-8.604145612745448
-7.855990076164925
16.795691224884553
3.8131660328106403
20.640246967940644
29.132555745219868
24.385960130021637
24.650342450201673
6.684143446498013
27.125431999815124
22.77618733417354
19.224527730529328
17.925750998334554
24.029674868273457
-22.45834630179057
8.047307542521112
22.33587100697795
19.154450043497565
4.107750456643103
29.955390013100814
30.535094143072154
20.89143079951851
44.663972492225085
19.008849495624442
32.98047046209386
25.466043072976927
-15.438260316264113
17.608908378797626
40.7234045317916
18.022325527267945
15.575677484280982
22.0688606216971
11.436507555990154
10.505826417869958
23.67344381035143
-1.290426257098122
30.696733858269173
11.660491737074057
6.2837254019649915
-1.1583408113573574
12.536412844938598
17.610977136695258
10.91440712347178
39.262861546463725
25.19065336961205
-27.374751496975538
16.773369228274078
28.542022538760616
19.496447209206615
1.2409052922052564
18.75241668568767
38.31816332728735
12.434612503173565
20.80513955071358
13.31062701687852
11.07912510291887
5.008551004547507
32.51268751050019
24.794020686717207
23.71776737003183
5.13277111200539
16.077487505180947
29.619763163852443
16.498640322471232
6.568577252791839
17.76940354883552
9.26148999853272
21.16225754959414
13.46612821537909
-3.9284673256298555
10.173732891970225
15.309932439563813
14.75126475551512
-9.753295810851588
8.179635970682854
22.956702352073115
27.220679241819905
17.687242640725497
6.599427403492777
-2.7000665777317665
12.888554505825994
23.046530888104886
-1.2641273639628008
21.257365880459
23.384163681618244
4.067204614478657
17.69038033476275
26.16360024382341
5.807411330863989
14.72344395490939
26.402361812525253
15.41358673067497
23.46558080513283
9.403977639978905
26.29474208488364
32.3389193492997
22.538028836222146
-12.563325459353077
37.01979074194815
3.3656671496578827
18.592043559980507
11.09450093979484
13.085767665463074
33.40912145352705
9.091633306292412
15.00805265302324
3.2581040008531135
29.256072498569925
15.103895717248987
4.892436382305856
26.08059241899906
15.647942134550838
16.42852653913983
33.405320210790784
2.933278246274801
4.532120337533813
27.221515201874944
6.7096307895870435
9.57946204160363
36.54988596891177
12.364944701931694
14.261459492884757
3.7603758761451203
19.42028777214511
1.9622721204836568
13.191491732195683
20.36909153347917
1.833099216601421
-3.468360142785008
-10.132016200355745
-6.609029944352414
11.087029468986486
31.041102905294537
12.128475308079363
-15.566018808378573
19.23005955171859
2.8130504106420355
13.681775269908572
17.644321706658534
13.660191057616045
6.403721736674747
5.584329269889276
42.128281936374314
28.847592046946833
15.426705431432497
9.139641840209608
6.161476352705038
30.28137804752512
14.627822650959938
18.880952880606102
20.494157063213144
3.6879116495797066
21.481205224728093
12.830729828533476
11.198109511604793
7.9111470168276234
5.2575255215851096
1.9747254647478965
17.162890755555853
7.468475982124436
-9.974116227293075
-1.8289647585823379
26.810780941115098
29.472562929310698
22.73912781968148
0.9614906787302089
13.094718957648245
0.08483906237961447
17.52990455038723
-0.107374345579902
6.07191733724704
2.564231905518812
19.894125855159697
28.01874826739796
13.040221373420444
27.048306871143332
14.29431933432382
27.30254600682512
32.28622165719029
15.641646779643228
27.77385527264695
26.063482718103643
15.538784810393656
-3.817847116140386
3.6103111910053416
-8.900693084188598
10.686985060941277
0.08519384148697207
26.606337362312566
5.6253867642965245
13.557630856120731
27.11061367632263
-6.50251815196549
8.269920216204726
15.154668268871164
2.3610076749364586
9.079699590547222
-0.8844809710319805
35.147444617737406
9.897855137258535
38.693951645794975
36.168251535255585
4.243481574923799
14.135960212402038
17.776546476951104
28.87901787065471
25.29106072289582
17.602555160615914
3.2001794310154263
33.045407630093415
1.8391106015354586
9.57591363556252
7.081718567569061
6.704532490253106
20.07282911262798
41.93657312348263
-5.565192350591204
17.199073835680352
4.628185629991917
14.443741528902237
-1.8483128557709652
3.316310431427108
0.8125190294758049
4.7296660420197485
