24.572356570387438
26.433266870484438
24.029225058073216
24.86790060935074
20.87188146335614
22.996263440579376
22.885820876102002
25.40592300447277
22.829477956726393
20.384556122707153
22.2938344038043
23.63894556400149
24.859979033107606
23.633583780992506
23.295107428449295
21.06101407141991
23.15840925228451
26.498608181008525
23.787692436823185
22.333512000299248
20.67977821289969
23.260732074883897
25.308877080347887
21.586158771766087
20.948471612126305
20.776702010479163
23.300456781721607
25.004348640168473
25.41193333738375
23.591385627211555
24.128877034354954
22.902305395515913
22.074507621154314
22.786054018369928
23.901914428922197
20.89173238319962
23.944196176652596
23.087405622864654
24.116311049748564
23.327793387390102
20.65850948749851
23.826634454720065
24.215503633228867
24.12286192207629
24.509190421918145
23.151337090814597
24.34082631256824
22.011521690794876
24.807779699154192
19.988421150659676
22.611099733375024
23.48165882278182
23.427588219827527
20.92698576186362
20.811690496283877
21.753108048416188
22.49603312800952
25.42140435557522
23.647218700055895
21.800577781611143
24.85532373899808
22.599518136432778
22.6731857059682
20.19013643589753
24.571574205993244
20.019848332682415
24.535439062415072
21.942603451164157
21.275719086693808
21.264827289732114
21.350651991747565
23.647970145208586
20.99997630033189
21.8262235201959
23.630315390224208
20.678116831350472
21.863269975845064
25.159107834728275
22.90242707237906
22.78429321041168
24.154730230236446
23.45382477637847
20.214633067225456
24.50701677011402
24.114126666922797
21.826523830705217
21.638345877120898
22.272578340208224
19.234137809302435
21.300886361692424
23.23618136206082
21.266975837442015
22.43513136826286
23.513228060572477
19.304379185686177
23.413153651571545
22.30756332987238
23.364209143237662
21.511270319458156
22.148649822259912
21.015304050884307
24.743074871812595
19.194087835110164
24.999239628636147
20.56380771564747
17.34487851062009
19.103999938935008
24.006625695959208
20.597164851038308
25.55614583236809
23.565815948653512
23.345813405617314
21.47436857806981
20.707085974438773
21.96667235419081
23.536483646821946
23.03548064767085
23.17676741644284
22.20720608558099
25.069376223258956
23.933094182007775
19.81514437801688
21.438855646333028
21.660001414466468
21.984033055217914
27.843147725694745
21.23812265273581
22.48219485892671
25.24153157562999
21.093421118191163
22.173230701237863
20.86236170657226
20.573938880852758
22.952127598584244
23.870829171695593
23.12655795682341
22.862721847357765
20.64682225929249
21.689713944744547
23.251503310092687
22.74526165144599
21.660486803717035
21.649725867503854
20.342871470535883
21.620814246776103
21.633002258188107
22.77799982354593
21.855575309584616
23.47712495063024
22.441726757848187
25.624805464728784
22.994198338788397
21.659507833089723
22.246985669561827
22.389371821223165
24.87967955308894
21.960645114423418
23.596161889553173
24.927362240699715
22.830774263143756
27.169703200221484
24.786248330763943
21.560584768738945
21.548995657628954
20.174420257619214
24.467612499290066
20.42252760015749
21.57231575198927
22.445336421836654
22.280576184982458
21.788164451848278
20.113570605397605
24.890447228155896
21.469275824922498
22.696475025947695
24.12817958605754
21.94418508518421
26.111227373309223
22.93177718840142
22.864492062451504
21.94454431942535
22.52959100269468
22.351532047052174
21.6978720135417
19.312591702688763
20.71620652738148
22.16578754174626
22.589087995124157
24.74481543865446
23.88771525163529
21.98024811458568
24.54145526355247
22.386470500646716
25.281283474976533
23.20973852170913
21.746148886175497
22.780418146067664
25.24411436658696
22.454638843792196
24.02541649486458
24.6130209668218
25.5364800715474
21.379356962047886
21.849081028233204
25.332150420495303
23.63532812388899
24.232713842561612
25.01638922954382
22.70561884468348
20.733968176510153
20.42570650110659
25.073712217924076
22.821212200626515
22.56624241693956
20.968344740384477
23.008634494705316
23.76345801921816
25.151263671734064
23.531430729409713
24.54943802553493
21.874878579590003
22.565383062832975
22.552045921669933
21.552133579270908
21.58751778647136
21.830088452272662
22.151670771088867
20.623557358122753
21.26460027016856
22.911978400562223
21.51017908104016
22.69706884304234
24.39588472743168
23.35310176279569
21.24545310292776
22.217000730820274
21.331532926965092
22.094840190675217
24.700040624886842
21.90486176138494
24.58093102786756
22.789196922814284
21.095957425223926
21.9296150657884
26.100823175471522
23.05745406614503
21.063217180031426
21.573535486489366
21.868805700633054
20.31773993675566
22.87347961606778
24.243948992724583
21.695308436645018
20.335754086039163
22.511354353175946
25.30750400743881
22.876395982033657
23.38442954552159
21.14663438020611
22.881533100669092
20.249737417703415
22.67035183611653
23.703632526688803
23.185802713169743
22.501789100467498
20.791851548114
21.580979123334302
21.394240824743854
23.429749041585502
21.565748574748262
22.19625902537819
22.237475043190653
24.61191527605137
19.14307470256825
23.226704338894585
22.316341822370664
21.74796460664236
22.171128403558527
21.51658253367736
22.20479975164462
25.41250679822269
23.626636566280702
22.549281337068987
24.30308766635776
22.024379397149897
23.617414610118725
23.63054141177272
23.24228331615428
23.009196395641766
26.71327365021396
22.72295440107304
23.098673678479905
26.516636781301525
21.592245531551125
25.103161528811263
22.263544458777513
21.489080951174415
24.13603940362258
24.573753746365192
23.47232639756032
23.124820119889822
21.324399423946563
21.320915963846513
19.68191958265532
24.39645923014621
21.50609711497895
22.38771376491831
27.638939565451437
21.209037159907602
18.714930305693944
19.315149763473396
21.871358121738545
24.775649938413842
21.781045724785844
23.067155479963812
23.23146755710721
26.69102243165153
24.796063880417417
21.932524401235163
17.072495687140144
26.647258239039182
26.312260976790736
24.313623906544557
23.77608715138152
21.23003707787987
21.450159891378892
21.27942122445861
24.041016406191297
21.775584988905113
20.92390075134003
23.064094991860156
19.2303814130945
24.081403404404732
20.371622538591577
24.986188345575123
25.251784941801763
26.108609921979927
23.83927529287204
24.800251172539106
22.697856981651622
23.949522028026852
24.46329665987913
20.479060988626067
24.036511890647848
23.924128540334657
20.629733696369048
23.67601572460611
21.01853530310152
22.59124784574267
22.807140045614364
23.422885360602447
23.732842727006823
25.245104452510226
23.397368898002114
20.903953340226504
22.19200775331022
24.259602966389384
23.928766252425568
19.88335780342369
23.92423658972032
25.092478295146915
22.491094476606957
18.134035539371286
24.321441401819758
24.083662092901108
23.35354220381741
24.869583126634577
22.852941530649456
20.04119134260617
22.20173700038973
20.61356355898333
26.450910493985788
22.327267472358127
20.997855471740436
21.972158107719498
21.670693171533284
19.734389032300612
20.822038261853564
22.162373999225256
23.882825476736397
19.587765542879914
24.57604321715947
25.45755245182734
23.050950841913092
23.059375614028266
19.672198590018628
24.837326152877523
24.639820845125588
22.979741827778135
22.013200603301453
25.532038529294635
20.754284607679807
23.364819561257633
24.817361780270005
24.205549776225677
22.865642123056087
21.78123434803445
22.99823923489951
19.949542686874448
23.323216920284807
25.861707933210123
22.02543780394288
21.960492055047634
21.1847934689824
21.886690528795747
22.369829466502384
22.254517398185715
23.60424689770496
21.213517503219766
19.9564609491797
22.220768711731296
22.390496791535448
23.127477297625397
22.39382718282582
22.068939010574454
21.061650235532678
21.11858951565856
22.54640244573635
23.22529784164141
23.974232787991063
25.22014997315641
21.38611921225193
20.162964987213538
21.4965956279468
23.58764089942643
20.151580708175416
20.354163192804837
22.40421616874186
21.546306184271526
25.86970830928845
21.221148817177184
22.536583453061073
25.747786607611932
24.571642142189482
21.629365396549
22.62457546937394
21.26287135647694
23.851529498961998
20.385563821108256
20.744263751348683
22.946453234782677
21.626521607523273
21.367986531636152
20.69194203822843
22.683556294485943
23.702203841257052
26.251790603994625
20.95689973423168
21.513450834605838
21.033431448675667
25.6966824539441
25.39038518921752
24.02575592424889
21.961025886183986
21.846103051752568
23.153062305286326
22.29895445428344
22.672970997988763
21.825733576241543
20.170460983146796
22.49612470509021
21.05084526443803
23.95568329903495
24.760004231496257
24.247959722920513
22.379896538702933
21.69133013905127
25.032281979473662
22.573825779962178
25.308994585567177
21.687456959229007
24.268798320483075
22.386546680245928
25.83309373537574
27.092464533008247
22.284753490649027
24.56376666847256
25.35778312411967
22.410102734532988
21.7897946297439
22.594103129877496
23.44265073286907
21.01541190546874
23.393964867054592
23.27995870359675
22.33427166576923
18.5353991960232
24.5111553557272
25.178451752558416
20.724701997189104
22.695293363495264
23.98313984874135
22.339419912893025
24.644309606328374
22.500797006533876
18.810933474822708
24.722234826972336
23.443472229835404
22.931146856646283
20.110613847804768
22.32388965901401
22.56624937884487
20.826568282701288
23.359042421074587
23.99066649202579
23.641173577790966
22.447294359087334
22.541690748548287
24.045487747729346
21.932827601830816
21.413130053423817
22.817517833673733
22.340771136934396
20.508337358524606
21.42758364736898
21.692219257825673
21.343636488803263
23.28228222313606
20.353878837039808
23.39766538010478
26.16359618953446
21.485969948656756
22.699801795322603
24.704666796580014
21.359685409333927
22.76940930425694
23.724330029848105
22.62051283652453
20.905612152077317
24.484873419016115
21.07662989648148
22.46012777709075
23.662938622645523
22.577550615796508
22.05840937930023
21.63660454892671
22.916228392621523
25.144414722141036
24.595242773413432
22.897309842607097
20.94312211073921
23.51475907442062
20.922551647986605
23.680529955644996
21.397882061444257
20.828192631238625
21.61901708980298
21.23711359122562
21.49013215966364
21.819602388191523
23.132593375325076
24.80834382672929
20.645118243283548
20.467472537263554
24.53598629273776
21.125010063676548
24.69827779235608
22.134654365239328
21.465968183946348
22.86573764784513
21.630219479422184
21.082255342122057
27.34987287414218
21.50515232317971
22.843213822853002
19.603330995506607
22.8525709033993
20.539678597646027
21.33055823930468
20.426617823950746
23.03203278155117
21.646042945080907
21.94301173818067
23.976364454604106
22.63055289761876
21.218397997527582
23.081753778763286
24.094076034111392
23.930196630321813
24.685839406066833
26.355200776202423
21.22959058111573
25.101814026164472
23.806230756022703
23.20296859280917
24.128018994517372
21.47331791412737
21.468582772454816
21.634391717491198
22.498873602413138
23.029449204668282
22.371052303511892
20.25508109318771
22.01541802071535
24.521507248347227
21.19118791503429
21.894519880913688
21.892423793664612
24.410641480497627
23.14100737817337
21.335964057105826
24.71930562636583
21.108776292539122
21.659242713769757
22.393002724425966
23.687685844440175
23.389427211344234
23.38464084143035
23.972175690565383
21.513542829879967
21.884575343655435
25.077711109653038
22.533045184566355
25.292640828190194
21.377840832837602
22.13319475807721
26.51286621371736
27.007277767523508
21.354726743566403
22.348036736492592
22.57518279468339
24.629134342123976
21.861874893103607
21.420742231796485
19.651080314714672
23.32644764866855
24.59958652985119
25.203553250213087
20.833504133809782
20.97874423756326
24.08084069314597
24.280433544700525
20.335364261866452
23.920459229748527
21.391362423740837
19.9596291701906
23.20683406343102
24.66069128850463
23.281880557632288
22.777552256882135
20.891921958818745
21.81333170365485
20.29746730015973
20.600345118989736
20.389472017699255
22.457598252923272
24.447668249428332
22.53511251108254
24.08310936167876
23.192261827210203
23.341779921588504
26.00288742581641
20.58286130962597
22.308296840117467
21.365944094036497
23.410556442043237
21.438704846850065
22.759192821273967
24.460467820941474
22.62549088263576
21.616500250912708
23.195289977003856
23.71250332727078
23.241042088296254
24.583764536182624
23.514710146680958
22.641977726054872
23.85630138442875
20.95572047674675
20.515061841345542
23.12647321833226
20.41195497689298
22.680486600584004
22.811809562137924
24.83538945229612
23.834669150735014
27.694813574404122
21.639013604118276
22.769898689810333
19.42886413965666
24.22384891975576
26.69126093243824
25.054372936796657
23.812770711066158
22.384982102142544
21.888560034280214
21.908363774378778
22.487129270858617
22.77389857265238
21.384569896894533
23.81178327677243
19.753269471657795
21.404442174878064
24.38662677170948
21.16458260433188
22.568990028628967
20.69987628069744
23.109201211125647
24.75948648254706
19.236316338297637
24.98582008975943
21.70557513379428
25.050510034060785
20.002315601275427
21.655518580662505
20.72054076426709
22.35273677169986
20.950845970254086
22.313082643343034
25.8591368953325
19.98721823106037
22.71579458867829
21.732023536889486
18.911849236930948
21.974084296530997
25.233338702423207
22.959354384380664
22.599516053034368
22.050648010758195
21.811342430943434
21.125585068022815
24.761891751416034
20.45405346198479
20.584442431593345
20.781091888923715
21.23512825417976
24.415881716359248
22.73358235754625
24.529162921689
22.826018110758433
24.766994023259464
23.612885668826976
23.43493632694632
22.531617189237092
18.201405074876064
23.46054471752171
22.279469972500536
22.551399906647685
18.676065155323943
23.63478904973603
22.98857970416074
24.047371700821213
23.834983328948454
21.199423094606985
21.636303783446607
21.258604168192512
23.934024878640653
20.822369264646714
24.350880143408116
21.747126161124285
23.717771861121424
22.61451798297117
23.00931760210603
24.91485706858537
21.92511852973949
26.42239239698228
22.102430087412507
20.575133858325
23.950729455612738
21.489083127150348
24.395787248080666
25.86691987956346
23.526809501866282
21.129167925451796
26.55265670680097
21.880891349801992
22.809195552609754
20.32814732311289
22.60438728009009
23.70775330411896
22.73404709857226
22.628779509923923
25.80633627208801
22.02976871118593
24.583826247174823
24.718610868977162
21.148351357590762
23.758763813642833
23.029791138109037
22.579822144249977
26.466964826433514
23.947319662118655
23.87271140498695
20.24817335634174
20.816061890129927
21.82889745824039
22.28983915426852
25.61179002106142
23.306427240916918
22.073582693895382
21.31251732515246
22.19266979468957
23.25967473042984
22.001346123417537
22.178331080777156
21.506143268267106
21.863790382293566
20.94447799125034
22.698454540727404
23.68357067998732
18.89627947097087
20.933816249953143
20.112471420353284
25.102542671526766
20.60139173715338
23.367412907792577
21.264419836016966
21.75725721565431
23.66972716529624
24.271144218884483
23.685210838711278
20.054909789114646
22.803206899801907
26.477752106124044
23.174365181964323
23.884043717363017
23.641294245549766
21.499252354890015
21.940786530854385
23.564697501944906
18.917778936228505
24.273876646711592
23.96384954742577
23.396373958249125
22.98001742603472
22.515659177572275
22.559863266069065
22.581358586365504
23.627114330570585
21.015228830502277
21.878864301939743
23.494385510663378
22.7583593322871
24.301480109357865
20.99764873722242
21.922553130489582
21.864064307768537
24.772164525851036
20.029458025620247
22.352494658622934
19.695258636761572
25.314638179178274
22.345746212742895
24.16352473783318
24.052251827938413
20.31196108927512
19.924926766988463
22.383682271067443
23.17829332383691
20.792196789547333
23.102420170130546
22.522165946256493
25.054898683387503
22.230709067598774
23.1428376157591
23.983458297880297
21.928425438904593
24.04193418675235
24.694197043264612
24.35364130617819
23.45558498435546
24.36522699700016
18.692481274783738
22.36949600760604
22.948671340241074
23.83498808383355
23.16594044844036
22.06714718516129
23.480301670390784
24.610470711738348
27.028011280016937
21.205472983647898
21.608929387592234
21.37591753912313
21.74338415696845
21.03386355365175
20.92886721033355
21.409035701869016
25.50840913026768
23.183397303494974
22.232405705015015
22.388817954560377
23.521513567151334
23.136552343899282
23.409236756035156
22.778121869104115
23.48113917460381
22.51143870788103
23.90626387334379
23.334681314012695
22.701675065773447
23.995903720300564
21.73927140710439
21.637229234985654
22.01716583110885
23.543324159460713
22.461111663956487
20.535617115392256
23.051686174381558
25.354074514479308
22.607369755154007
20.990396060324255
24.17811469837373
24.66263480776079
22.581851100077213
20.295380448095173
21.60268719850783
23.381332853668912
20.939057161844886
23.5404927992915
21.21182065005286
21.140971203626105
21.422702271985965
23.81791140971814
23.607746397893116
22.048146305143003
25.02379043398824
22.594277741031657
23.24809647429096
24.3617359393663
23.23165092454889
20.45609855279234
22.67197423679353
21.985760992828073
21.75255352263788
21.879334016998076
23.144098168051897
23.002545927525766
22.086936481511138
26.495726772654237
20.63677987479905
23.759853760287385
23.514022168648317
21.23072775501893
25.898551204302713
22.06325071447595
23.45541251708572
20.331059414975634
23.51685892259756
20.30884411927681
21.53745134816926
21.409277739473147
23.90779322880366
21.118637878530517
19.662919953486526
22.48798553618168
24.55363916321603
23.19669251312262
23.329627431873092
22.200288993733132
21.96088271050168
23.492206021017957
22.271981127761297
22.8246957595916
24.47961263902579
20.919842798498497
20.96752239492144
21.286330859097912
23.48936883594658
20.491770934222288
23.199806575013625
21.03508823918035
25.528323743338596
24.884000695896432
21.51580686362697
22.04236274929533
23.077579246671718
23.20986570913392
22.200226938282995
23.368303270878737
22.514797216343858
23.448870947555164
22.368667865378082
22.510519407046367
22.71491213097824
26.579100499136004
24.977103017347897
23.29413961469011
19.63890163483261
23.263574118663104
20.537985914276092
26.193031005053108
21.326420108166868
24.503772768529963
21.215987285126353
24.6053525000618
21.454374646500973
21.979090572642708
21.47687067674559
21.083630183526942
23.96807329098073
26.319698949591153
23.146862014113243
24.72294192950738
21.22935053044322
21.61651909272699
21.230922810647808
21.695307582281295
20.695271790176665
22.461137992607267
