24.968027645555022
25.193160069044612
24.760184073416603
26.55633590152976
22.941712551770788
23.722884549622542
24.187065033121705
24.337555082993873
22.320991646346393
21.093047731954165
22.406143727408292
23.818220955473613
24.919836277640574
23.440871838546034
23.390092679202628
22.55517187586421
23.399089699868906
25.85729184803853
23.98069268841933
23.515132072402075
22.041437097678564
23.575813711526877
25.567144561841243
22.75341351476878
21.620965755067484
21.687059746785863
23.651490647663067
25.99172343781921
26.74225358373088
22.80787553354007
23.928269180128837
23.114494887320156
22.177404898626065
22.664846439037937
23.45032352316663
21.389781558397548
24.73218492535335
26.022814254506002
24.264300616860787
24.194176224342847
21.669703184383177
24.504706966618606
23.992269430874853
23.07775486835896
24.884693927290144
23.298454224332556
23.534066309480032
21.973445155996785
24.85363080902437
22.257419297881782
23.190820031242485
23.144571982112193
24.995517020486982
20.29979188229095
22.52528724655207
23.3420033767465
23.207266583531354
24.02360595919857
24.020427525699777
23.737843859783005
24.1548702335777
23.11751581936304
22.507035818591607
22.518666660065023
24.947136150054977
22.98296692244522
23.857817401985233
22.99747688894526
23.42397138200558
23.012981122331148
22.158149423394768
23.815979341813048
21.36575385924557
21.77346378791212
23.57848258977957
21.09953979053292
22.37117386456553
25.038096666443426
22.741336704378124
23.108180657347773
24.058425889146925
24.376814695120448
21.89878145685622
25.05341208902619
24.058881963107435
22.78527964068643
23.354018594836724
23.617921150946476
21.267476009833103
22.06508710088447
23.78050476004572
21.306324840103883
22.451782401021493
24.244096086861127
20.42173925107674
24.552859615137177
22.639850629100955
24.187278595371914
22.361590089043585
21.918660771333137
22.345229371295044
23.962658121738155
21.85212341290383
24.681347545255395
22.981218822294412
19.861645566675598
19.23452905966671
24.039322098099493
23.224437159830586
24.242099666894255
22.537829537237197
22.236121797922102
21.891653452760572
22.047038157859106
22.102530511695818
24.406764568565922
24.3421968246622
24.251305127020018
22.791393490173107
24.92820898867447
23.47824854303193
21.561929422953963
21.635962520169414
22.786377672245607
21.15435350991313
26.327783863774737
22.873846627265486
22.038068302567417
24.31178095476205
21.68566109445041
23.2614378190489
21.875232654618085
22.12149008047451
24.557062179367488
24.159293243788476
22.636879838782086
22.47904633793777
22.384726554597776
22.018610029251825
24.481896611387693
22.98251666292092
22.546177782773402
22.56968984586697
22.015479331625706
23.089238598440435
23.74272080476201
23.026311042680206
23.503412777020593
24.413936021482773
22.0038204624528
25.89359845399181
24.076874285346186
22.254738552759648
22.377786069009808
22.413500047599204
23.15829027054818
24.082700079226218
25.11436572053725
23.83043352828158
22.483927493607716
25.75901983839847
24.95700576882876
21.440292142053092
19.85073397165595
20.147686493504416
23.287137791174104
20.81261402807908
21.147608849103
23.045543987594822
22.19931944344741
21.75128137709946
23.228329566928934
23.19744098153124
21.9364661237933
23.635401929138972
22.527384283714802
22.094498736838933
25.93284653380846
24.256757378877467
23.03842152252106
22.61510724714951
23.13798688033049
22.205972776269068
21.309850369205737
20.407257210317766
22.159882027382835
22.341802323404618
22.06051340534642
24.23491887079691
24.001902697815652
22.084299110567088
24.95941581163545
21.863833147694226
24.81349768253867
23.738412051601024
23.05687042956183
23.202121574848
24.681466526052944
23.079485099937155
23.544040895382647
24.903412388824396
24.51929832373804
20.947238239023715
22.088718471326683
24.976230623743465
22.79142217514495
23.314199748937593
25.47306790583049
23.936006934601636
21.407131742212048
22.159943080124297
25.97195676870874
23.48187179906653
21.86946319240364
20.956053022113768
22.508698224162284
24.087642631461623
25.43213906947597
22.752571582620195
24.323988567498617
21.667061873686023
22.514265898371477
22.55950660438675
22.83167280886681
21.938578238730997
21.43370479131398
22.467354879558485
23.149636020112865
21.434100177721373
23.919929391042974
23.64735411871136
22.446303864120036
24.71037562195974
23.656649156153957
23.23757455419877
21.781760141183078
21.96314840094535
22.076825585213836
24.229865896203698
23.108880922819427
25.000795606277112
23.31527780058021
22.142647197895272
23.615419679999427
24.326873571682043
22.018306003758546
21.11454359951108
22.53569272026505
23.593559862958063
22.209931145908946
22.891777859545524
23.83059919152182
23.1888824656107
21.648006230640714
23.816220299568016
24.616371566485498
24.625545069048574
25.852996850191527
21.19029114167342
22.808965662815076
21.054903274165202
22.78269482713294
24.61720667627485
22.09053490129927
22.801522581729095
21.604761453717927
22.412685300670333
23.329138322508598
24.619324312009887
24.05266327515397
21.195411409907887
22.67674371825055
24.585917859092657
21.845532166795852
23.193429349995096
21.759259337407755
22.142364661233074
22.880745370907228
22.24069886949434
22.757079004293026
25.264810338844356
24.702597749053382
22.965512000337622
23.81087512328111
22.65870385699558
22.740122126993313
23.68740701178248
23.33732528120532
20.90196508255191
25.35185548521379
22.704859079863382
22.84668021698304
24.1777079182987
22.655466979253557
23.478428098845125
24.557529043776345
23.565849666950655
25.676801540757697
22.938503137429322
21.627584112584966
22.61558850140796
21.530773245698207
22.337674707344853
21.297113753552498
24.12831457576444
21.27158741248179
23.297750219101157
25.093996788280997
21.520383250861332
20.12247487061858
20.640659092261934
23.233605067115352
24.920239639374223
21.15699612569414
22.46007381495553
24.099170602730368
25.92619379796811
24.432690866462618
23.489934676036327
19.485869634016847
24.35808681625237
25.279799664826722
23.22384186651185
23.283909115291255
21.906886175627896
20.769773945791876
23.05667824976311
24.14730544202448
23.324041379077833
23.00040279318237
23.440948797447923
20.865659956483732
22.954376738893654
20.274270382974752
25.50470646442459
24.40811940103939
23.97188698369475
24.175795561314413
25.39578538844299
21.956896846372807
24.71816162423141
24.247464183777602
20.733473569740177
23.471279007587214
22.51903422887059
22.235870598412024
23.606467872712706
21.252006848483923
22.390743006937356
22.06293878083322
22.353467837479897
22.40379524703462
24.590960901659017
23.367133708184372
20.81000188262293
22.749229449124407
23.487642273552794
23.173779628719537
20.687446493857376
24.303186729105118
24.35520039667897
21.66971036422538
18.35627214689622
24.974809259704166
23.475085548653897
23.188113274782648
24.968645079114115
23.402425081056002
21.65128752587679
23.533958101824695
21.78389677537735
26.28212751130135
24.06902160773692
22.589838604805543
23.21751731988214
22.281741118804465
22.15723389233069
22.0551651414597
22.90436736369605
24.43679872495251
20.976512726063625
24.945516862009637
24.44708358350875
22.823384029821653
23.819885975763608
21.179075849376094
24.104079487281105
24.36332481172131
23.555262613105352
23.111684034206494
22.747040596191283
21.55171015238303
25.189182124585987
24.27059121477814
24.62608198012196
22.91348046544047
22.642706723296467
22.41673373866783
20.787666622177312
23.556184108279744
25.12473400646484
22.38174555220882
23.307774909149263
22.39416253583249
21.769463431150754
23.15362791941153
22.849453869344824
23.305685576822494
21.674195277597075
21.631862156022642
21.977199360411483
23.394237683887123
22.03256795390272
23.454673392105445
22.51225016575382
22.248261171340932
22.1353031334188
23.553211099182874
23.53421664805937
24.071846572204258
25.304690980862347
21.893540057572206
22.373452317786793
21.269518572012487
23.665769988287284
22.84027856980312
21.910655571335774
22.504676085108073
24.098277483609287
25.589306594041762
22.0358312948418
23.377514189473438
23.03884276237739
24.462602621942356
21.76946494349965
22.817270492812593
22.784315101347595
23.633570718304313
21.170899364543907
21.11993773100403
23.494156727559417
21.248045897304237
21.985506081013863
21.960970845790694
24.05555014621434
22.25913104958949
24.913038086868976
21.981692341529993
21.0629233303454
23.497278455194678
25.19791799733901
25.091683509827224
24.30178736575783
22.9749545319119
21.11574674884214
23.344346699710428
21.837954881559398
24.110108802294707
21.489256387063996
22.17289967997732
23.073281283923727
22.042897824703314
23.714486748265504
24.857864983047325
23.35428406101041
24.932466568643548
21.95947586808855
24.82443453728688
23.39021287927368
23.21992546376333
23.004215708496574
25.728000230774107
22.522382393374556
23.887602624368192
25.821018449427115
22.309007122922342
24.21188168546061
24.8073272461805
22.805350072928682
22.31482719955433
22.325359181718525
24.131283521105587
23.327834762582253
24.140897904696434
23.671543983019436
21.582940923086372
20.80827331923947
24.174915995196933
23.07913669255961
21.092924539436627
23.435517249177575
23.469763963248308
23.541469561136932
24.208098471521772
22.11925624881606
21.2991628369153
24.159683804106862
22.272337760712073
24.51426611634722
20.849307090401332
22.862538003294162
22.76247791686056
21.754933154431388
23.48438902399727
23.79618492950576
24.579663374248778
23.131089979756904
23.957326911440486
22.70003133916738
21.45034584872369
20.636940511972355
23.842624668549934
22.91490800477628
20.350301406654886
22.191719548106526
22.156087946747427
22.097546556074896
22.708855671913888
21.812227695953844
23.81121754103167
25.00715541624645
23.258185487397462
24.4316819886555
22.432823821935457
21.481010985227133
22.697662002017932
23.90721117677628
23.74051213443154
22.55314142291767
24.49040495182295
22.465745545113354
23.65797889022505
24.31548362588532
22.007678991771666
23.394227172640658
21.547407482454496
23.37711542555393
23.99438247696144
23.19469063359717
23.012893184710467
22.6852899269095
22.90955489737027
21.726315630872264
22.99321650940406
23.06215725388327
21.469763503836827
23.353297639794683
22.83261451777816
22.901781061986142
22.77944907754345
22.811012361935447
24.221979432955155
22.244565600848865
20.954066951548082
25.30630580043399
21.611177204629943
25.216754686616873
22.367261020407206
21.750940793134383
24.39405154172432
20.982655752179067
23.096187064154684
26.37991715082013
21.285480086366228
22.545932790166642
21.239994575662642
22.05052366764193
20.4090104580538
21.626877230838776
21.404343293763993
23.014388976244373
23.110373013869815
22.461644006117357
23.140400875087803
21.874581630109287
22.311939157152437
23.8589513976399
22.980489565044472
24.06380658858964
23.870667156062616
27.176415599285782
22.15769370388205
25.869371898921564
23.66128865970152
23.328796679066766
24.07243552696751
22.8475499361315
22.847089169954604
21.678120213259287
22.522208781554138
23.004997058001603
22.88374874061744
22.936536119857134
24.007763469557734
24.72800785297478
20.80278442071686
24.073997398548872
21.944615797894468
25.942419364040543
23.62371437770186
22.45880303514192
25.536336087691183
21.72906675155842
21.082423682463396
22.584219350813633
23.30699991825504
23.932329742223274
21.998084154343438
23.351697022958394
21.635355532824892
23.81710063883053
24.667207672366956
22.16212403993681
25.14201946966029
23.23977714763913
24.08557314677226
25.511098202589764
24.986122625418975
23.115839586801734
23.249392829899794
22.752092590080366
24.450897443100178
22.581490541307783
22.387991731144293
21.80194503251779
23.92138216488214
23.79115898663872
26.44029958711107
22.535291100947713
21.64815072215902
24.72156398745158
23.80657198098183
20.901193211735254
23.64488943851321
22.06398310199394
22.917424620123352
24.10234386198387
24.552248526102378
23.882606918647454
24.24576361182905
21.087828900171267
23.69976935709741
22.2078089112942
22.093530112523656
22.61219157842544
22.542700201520244
26.020636451165696
22.171822208970376
23.91986638086835
25.065571879137746
24.069208335474347
24.662576855161856
22.73613630011942
20.587250380921503
21.685194755767412
23.79431317791113
22.517083482350543
23.935299503454253
23.740137157821305
23.031519021702973
23.24040108418756
23.76919805588651
22.833287084305418
23.486387030272297
24.219141071668844
23.565336275601204
24.263492742455888
24.169010188692557
22.67146898910305
23.565068577631504
22.710634282692943
22.481106158174093
23.835674626782527
22.728138718929827
24.661877126798593
23.708900633800923
26.187090778909436
22.646847035801716
22.781535242379864
21.876468494129135
24.358965302946224
25.74921751600714
24.287671518553676
23.181477999003075
22.473336374922564
21.43757671578668
22.4117247151744
24.188984797499224
22.526009010747508
22.146153112621903
23.075305943648814
22.325130644252717
20.492770784504007
23.825432100432785
20.58455835596419
22.505446142043066
20.077429680950072
23.77696187629335
25.33160953739533
21.20190672761869
24.28486251620064
22.782210163936796
24.59902378152936
21.689274898622692
21.55901595101431
21.258641553215202
21.49530004344098
21.878100626094714
22.342606556459145
25.580018693905387
21.461662700752374
23.146993086452024
23.20625688976566
21.827147196881977
23.26117714430307
25.3210099175756
23.376039785595893
23.262088499829165
24.217925094709823
22.794403218975248
22.710424879793486
24.12334580662311
21.069170839625453
20.074596187086964
21.458390475981552
23.73593127764021
23.81242700754957
22.487564571226375
24.505704204895558
24.337306427521426
24.97214328780344
22.995055356079952
23.054485385343135
21.78017976139734
20.708392309578844
24.249934902405364
21.187103705346793
23.031218898325434
20.235837748757927
22.450522068902064
22.96682275747413
25.293527251060855
24.186093286774152
22.00454529701902
21.538866331779722
21.528084468818072
25.619334765389908
21.681477908161767
24.747252541756097
23.359899424381023
23.776797999584442
21.88345742571315
23.58812464181373
24.288352601408448
22.092013989847533
26.643151033350385
21.491348720467858
22.144565217794142
23.427173970912026
23.062687787188814
23.932577971646445
24.79006925789432
23.14438707959085
21.60468705674133
24.785375235024254
22.165780450425572
23.393422483772788
22.57637472093794
23.726998412178247
25.093589349145525
23.52659454387269
22.886973101625276
23.955454353524704
24.129136058080928
24.055019805168275
24.292996719382135
21.853508157642157
23.366251934896002
24.68242244120192
23.679775220892253
25.258902532344575
25.552198206386556
24.041782666991534
21.768021965002838
21.445674031385142
21.218340128690055
24.492357818348
25.149986589755493
22.764269897719746
22.52396809823222
21.97879057031445
23.15693385313072
22.779165834953787
22.3214830852859
23.16878732302926
21.03192088568304
23.009170654444446
21.2410790901264
21.758862537182225
24.279475202291657
20.44284500382466
21.917371365020777
21.194708568793676
23.740206633815053
21.44625533949358
23.91917822042786
21.387495583407773
22.289660319381277
24.206169594546104
23.834023677304405
24.584323724715063
21.001937863362134
23.333445401158556
26.38609799868992
24.22020502025479
24.775395445772187
23.505786805478333
21.977926242643
22.987660189215166
23.10606740495734
21.30715656694741
25.102961492200674
23.79433401632321
24.715540408583365
22.551646196882903
23.073644152238426
22.95094947531947
23.93591978563513
23.115252095878702
21.531683309306757
23.83023211347734
22.441521454404405
23.66361015217116
24.07844431021245
20.96520956923373
22.22491287499115
22.44000909231686
26.486550842824197
20.7916023964195
24.056858686426978
21.38122167327265
24.98012175820031
22.027748319121628
22.123943904133533
23.017529579916463
21.32591485640063
20.28875297851409
20.604553147956935
22.88864746430088
23.27909517644196
23.331240207113144
23.788335436794362
23.971359051746084
23.448467474639763
22.27458149761135
23.84146685961344
22.45522038536843
23.96692411791062
23.948164635908114
22.117186527218102
24.061253503800504
23.97315368588114
20.342636676512655
23.453394788859928
22.22378545287549
23.74900789684902
24.18051953429362
21.918849793443716
23.777948246227044
25.08551479351662
25.541535130966793
21.018848101968594
23.595480328266277
21.01779053231555
22.094789168991454
20.882888960614856
22.380475565171338
21.69892577907888
24.19050094500387
24.37679160438758
22.69947371382732
22.792083021609074
24.526399741434773
23.533042996254636
23.557241450557452
24.54622215014693
21.820569253064114
22.69873746515048
24.012355762067816
23.324956747612276
23.223580970422756
24.882012488482896
22.33638921056462
22.73617702404772
22.02581134873236
22.866599247321563
23.539630196003326
22.101390004321708
24.27744832489584
24.291564552620645
24.08545598815207
21.804594568034446
22.772462976131564
25.771707539360577
23.910626769627175
20.081398239512907
21.631011843508706
23.545017923986332
22.43063374855944
22.486649988696225
21.811228267307413
21.772390873180157
22.298166615634965
22.909138551627873
22.462590935870132
21.844334088639858
26.534596112038646
21.66718386706035
23.550813808764534
23.844371019850808
23.40914902765446
22.23179939057789
23.49740906282789
21.739197302028664
22.702035890888215
22.587700429033937
23.219889982588782
24.497074060367673
22.55908140122541
25.139736953084217
19.81886609771365
24.180691021703847
23.930948445100285
22.8276813358025
24.59654376681352
22.26410918136218
23.723007693596475
21.58791686184253
23.567668588753218
20.012697334678318
23.20414986347949
22.4282952729598
24.752743904948698
22.17774713656459
21.731872492918303
22.109689762458576
25.46181279880632
22.7331891654321
24.339197620671587
20.631855360226506
23.17879837202461
23.845804147646156
21.658976057776968
22.374167147630022
25.0978724194318
22.667032921819516
21.79557971797388
22.268003171548028
22.029208739079937
22.59084965411605
22.651060094995827
22.467279218120193
24.934566912390224
24.418397308932253
23.288819140296095
21.90792571472812
22.553799886341572
25.70564558150996
22.72707148186524
24.270066321764496
23.304162726732702
22.389479634085742
21.357878983918916
23.676322907707597
23.339411553967476
24.50545907194989
22.751647280888722
22.988417350075025
21.1207786682853
25.140000067680116
22.14444634827477
23.993923150774076
22.22713382105276
23.625337508455367
21.821076077032046
23.500782713607997
23.52679957608217
23.69750412001018
24.099006680041075
21.628500187931916
22.5139734554986
25.735571030068343
23.679032684845303
22.832791620048972
21.13110834394639
22.66595387140544
22.3979694465476
21.68781369858654
20.39528805478694
22.618814110248277
